################################################################################
# Symmetry function scaling data.
################################################################################
# Col  Name     Description
################################################################################
# 1    e_index  Element index.
# 2    sf_index Symmetry function index.
# 3    sf_min   Symmetry function minimum.
# 4    sf_max   Symmetry function maximum.
# 5    sf_mean  Symmetry function mean.
# 6    sf_sigma Symmetry function sigma.
#########################################################################################################################
#        1          2                        3                        4                        5                        6
#  e_index   sf_index                   sf_min                   sf_max                  sf_mean                 sf_sigma
#########################################################################################################################
         1          1   1.8520083501216758E-01   2.5661642678619661E+01   9.1576724409426049E+00   3.7312862027955518E+00
         1          2   0.0000000000000000E+00   1.0120090423182219E+01   2.7988557415530289E+00   1.3228193756239601E+00
         1          3   8.5197130286818995E-02   1.8301811840458182E+01   7.0177767460653930E+00   2.7198994874662556E+00
         1          4   0.0000000000000000E+00   7.3762808073218373E+00   1.8748482757384795E+00   9.6467857810173474E-01
         1          5   3.4616797090995945E-02   1.3183496355038823E+01   5.4277160646708635E+00   2.0099534709243247E+00
         1          6   0.0000000000000000E+00   5.4040732341043878E+00   1.2570213212095915E+00   7.1104944172622087E-01
         1          7   2.1901507700473042E-03   6.0908442084662084E+00   2.9573314224995491E+00   1.0139632953404136E+00
         1          8   0.0000000000000000E+00   2.5007177644563963E+00   4.6534594864802931E-01   3.4118907591189884E-01
         1          9   2.4558296844907415E-02   1.6454524456303709E+01   6.7463799766087167E+00   2.4982433338936390E+00
         1         10   0.0000000000000000E+00   6.8726630758089851E+00   1.5552721362626452E+00   9.0772719228632803E-01
         1         11   2.4463510891217609E-05   3.2264608818072085E+00   1.4190339585422378E+00   4.8525924427423306E-01
         1         12   0.0000000000000000E+00   1.0900253245270330E+00   1.2889675841622164E-01   1.3025408132006994E-01
         1         13   2.8931846379199725E-03   1.2134835908376033E+01   5.5553165880565700E+00   1.9435859147662982E+00
         1         14   0.0000000000000000E+00   5.3711081863408179E+00   1.0429475676031312E+00   7.2828702670394796E-01
         1         15   3.6667251629068998E-09   1.4833348178927552E+00   4.5611337858582207E-01   1.7908768205835407E-01
         1         16   0.0000000000000000E+00   4.4049175002056656E-01   1.6589251249462200E-02   2.6530524215716288E-02
         1         17   4.6119664690690784E-05   9.2089628380283362E+00   4.4661585193848090E+00   1.4761298414608905E+00
         1         18   0.0000000000000000E+00   4.1104406745671085E+00   6.2761502985587014E-01   5.6150934727531199E-01
         1         19   2.6454460696769728E-10   7.3341628625840061E+00   3.5506694959981133E+00   1.1338473365829240E+00
         1         20   0.0000000000000000E+00   3.1265596329930943E+00   2.6842149422637079E-01   3.5118704316818722E-01
         1         21   2.8080806856650061E-17   6.5815475766108698E+00   3.2488533822918417E+00   1.0674021817410679E+00
         1         22   0.0000000000000000E+00   2.6716802435250968E+00   1.3019270200452018E-01   2.3415685079523793E-01
         1         23   1.4541346383245784E-06   4.8907239211648829E+01   9.5008428292303311E+00   6.9002280290028333E+00
         1         24   0.0000000000000000E+00   1.8281630369790438E+01   3.5869027161375762E+00   1.8732499668317040E+00
         1         25   0.0000000000000000E+00   8.0330931075885914E+00   5.8850785904691194E-01   6.9429317815696379E-01
         1         26   7.8709836201518681E-05   1.2264227426180231E+02   2.4114332256621818E+01   1.7152428094103705E+01
         1         27   0.0000000000000000E+00   3.7711669754140168E+01   7.0376785131377373E+00   3.4515746765904458E+00
         1         28   0.0000000000000000E+00   1.7629390317350605E+01   2.0681943714545348E+00   1.6147952884869690E+00
         1         29   6.4536742577114209E-09   2.2957941674364292E+01   5.0972907110060062E+00   3.5974505613662910E+00
         1         30   0.0000000000000000E+00   9.7327372712090465E+00   1.6830473143863944E+00   9.7440519025060912E-01
         1         31   0.0000000000000000E+00   3.6769244337139870E+00   1.8419612724418835E-01   3.1496445228022024E-01
         1         32   6.6370573007195258E-05   9.7189096482391946E+01   1.9710780138397499E+01   1.3802460454428065E+01
         1         33   0.0000000000000000E+00   2.8273368684685213E+01   5.1338231113865778E+00   2.5436796584679722E+00
         1         34   0.0000000000000000E+00   1.3503680329590747E+01   1.6638826396518134E+00   1.2369813531874363E+00
         1         35   3.2409258352156909E-13   1.0883824730315609E+01   2.7184478668810259E+00   1.8820542060689074E+00
         1         36   0.0000000000000000E+00   5.0035707508799190E+00   6.3165790133394240E-01   4.6176754980807350E-01
         1         37   0.0000000000000000E+00   1.6675179219567238E+00   4.0260934943235127E-02   1.2179155524445207E-01
         1         38   4.9034278323674205E-05   6.8480981201006841E+01   1.4857986920676719E+01   1.0139158329351053E+01
         1         39   0.0000000000000000E+00   1.8193912869547006E+01   3.1405886754459429E+00   1.6069099038572852E+00
         1         40   0.0000000000000000E+00   9.2138915005237134E+00   1.1409160997970789E+00   8.0890335621364517E-01
         1         41   9.3674557012600938E-07   4.0418367791631233E+01   8.0944700989126339E+00   5.8208904702811060E+00
         1         42   0.0000000000000000E+00   1.5242447449070120E+01   2.9335665323624980E+00   1.5611830178142543E+00
         1         43   0.0000000000000000E+00   6.6251996972791094E+00   4.7164201298022068E-01   5.7288825373012442E-01
         1         44   4.5484293320502287E-05   1.0112755646819390E+02   2.0564654517657182E+01   1.4434447325081155E+01
         1         45   0.0000000000000000E+00   3.1386749704877609E+01   5.7356430784105896E+00   2.8646420152414360E+00
         1         46   0.0000000000000000E+00   1.4520062580164931E+01   1.6258964212600693E+00   1.3026077392889963E+00
         1         47   2.0860655801350422E-13   9.4964717774727330E+00   2.3108087169949538E+00   1.6000635167341402E+00
         1         48   0.0000000000000000E+00   4.2833865494321026E+00   5.1535601705904743E-01   3.8477610178569610E-01
         1         49   0.0000000000000000E+00   1.4227263938963004E+00   3.2454786007074875E-02   1.0049083705359603E-01
         1         50   2.8373732154778659E-05   5.6361414205700271E+01   1.2657873067228353E+01   8.5437993856283843E+00
         1         51   0.0000000000000000E+00   1.5067091115000702E+01   2.5481296513983192E+00   1.3300381977790416E+00
         1         52   0.0000000000000000E+00   7.5664562359981833E+00   8.8706063606312924E-01   6.4284724611888322E-01
         2          1   0.0000000000000000E+00   1.5520259991758586E+01   1.5846474470863265E+00   2.2079175101811250E+00
         2          2   1.2552808628288259E-02   1.4082431775364432E+01   6.8461752413280168E+00   1.4625764111781798E+00
         2          3   0.0000000000000000E+00   1.1159865998016938E+01   1.0614957711877799E+00   1.5405753780545570E+00
         2          4   4.0473890209215017E-03   1.0005094166008654E+01   4.7627350682510796E+00   1.0458575633264802E+00
         2          5   0.0000000000000000E+00   7.9936898739242102E+00   7.1169642579812775E-01   1.0736990081116029E+00
         2          6   1.1523913901510757E-03   7.1005927237492035E+00   3.2812221038409541E+00   7.4469329610241197E-01
         2          7   0.0000000000000000E+00   3.8586985212884226E+00   2.6346812327236641E-01   4.3332935572480058E-01
         2          8   2.6834441137053421E-05   2.9624812816278352E+00   1.1970309473775425E+00   3.0418740280263717E-01
         2          9   0.0000000000000000E+00   1.0240559583235092E+01   8.8055914553336878E-01   1.3618933049457644E+00
         2         10   4.9088414604865507E-04   9.0297924096819493E+00   4.2128437143438076E+00   9.6871232839022037E-01
         2         11   0.0000000000000000E+00   1.6099381178905277E+00   7.2978366169251394E-02   1.3368415681429074E-01
         2         12   5.2428449783684894E-08   9.2618454621743140E-01   2.5788024286109534E-01   8.1494452344551452E-02
         2         13   0.0000000000000000E+00   7.8977118737325913E+00   5.9049281315590152E-01   9.6986069913453143E-01
         2         14   1.7259454885897259E-05   6.6033206015757298E+00   2.8642183577848068E+00   7.1729303093585295E-01
         2         15   0.0000000000000000E+00   4.8998722294231734E-01   9.3924507259338288E-03   2.2189947861409223E-02
         2         16   2.2045585935368196E-13   1.3638965128672501E-01   1.4168418170332060E-02   7.6082835087922492E-03
         2         17   0.0000000000000000E+00   6.3681480529396008E+00   3.5534112746456109E-01   6.2711566195865820E-01
         2         18   2.2543612851357622E-08   4.4350213858907050E+00   1.4905868545230587E+00   4.4726336658114613E-01
         2         19   0.0000000000000000E+00   4.5865705348204120E+00   1.5197404755591065E-01   3.1390638748319022E-01
         2         20   7.0068133997831107E-17   2.3070947312823362E+00   2.6782715220468695E-01   1.4605347366711996E-01
         2         21   0.0000000000000000E+00   3.6130113561201842E+00   7.3712099483289120E-02   1.9028199123475875E-01
         2         22   4.5416043416301204E-28   1.2610712868810730E+00   3.6852581355738691E-02   4.9234191794879846E-02
         2         23   0.0000000000000000E+00   1.6201672800206072E+01   4.2973823658935029E-01   9.5635171189325852E-01
         2         24   0.0000000000000000E+00   1.3304073668558217E+01   8.7207307845502768E-01   1.3781968846752055E+00
         2         25   1.4969316864955325E-06   1.3062949595838584E+01   2.7252165837033973E+00   1.1868523103715634E+00
         2         26   0.0000000000000000E+00   4.7403272204187026E+01   2.5779579571398719E+00   5.0689883226856418E+00
         2         27   0.0000000000000000E+00   2.6528335438413912E+01   2.1362537493482945E+00   2.8824754739940661E+00
         2         28   1.7159010662467009E-05   3.3885770318017677E+01   7.6825269307316368E+00   3.0033372360783006E+00
         2         29   0.0000000000000000E+00   8.0365487522970085E+00   1.0741429769996372E-01   2.7282906388865258E-01
         2         30   0.0000000000000000E+00   6.6461193455790077E+00   3.7466867929084130E-01   6.3779971863670715E-01
         2         31   1.3921387700236557E-07   5.5107849028789566E+00   9.7361705974939305E-01   4.7512936013094076E-01
         2         32   0.0000000000000000E+00   4.0227332686373416E+01   2.2556340182504790E+00   4.3808207644083828E+00
         2         33   0.0000000000000000E+00   1.9973986486533231E+01   1.6388493501841128E+00   2.1514689534873752E+00
         2         34   1.5801292852973842E-05   2.6333605625058034E+01   5.9309274067776654E+00   2.2932125219739965E+00
         2         35   0.0000000000000000E+00   4.4568798032508248E+00   1.9251365857522816E-02   7.9003506229173653E-02
         2         36   0.0000000000000000E+00   2.9881815842814805E+00   1.2951947943956499E-01   2.4101935087264525E-01
         2         37   2.1014057637074221E-09   1.9838738825247295E+00   2.5764806721576800E-01   1.5419040548091220E-01
         2         38   0.0000000000000000E+00   3.0938170137593900E+01   1.7946721566089174E+00   3.4187457561007535E+00
         2         39   0.0000000000000000E+00   1.2914339227526643E+01   1.0791581132719110E+00   1.3681945262168327E+00
         2         40   1.3443409985621383E-05   1.7642356434109626E+01   3.7906524221352189E+00   1.4616450969695625E+00
         2         41   0.0000000000000000E+00   1.3100755361994636E+01   3.4630849987876072E-01   7.7544906828463822E-01
         2         42   0.0000000000000000E+00   1.0829584791015685E+01   6.8344975742751712E-01   1.0920324761468330E+00
         2         43   8.2198457747810519E-07   1.0584037791529939E+01   2.1607445403106378E+00   9.5004488832089806E-01
         2         44   0.0000000000000000E+00   4.0420295359818425E+01   2.1078445802555308E+00   4.1619813332722275E+00
         2         45   0.0000000000000000E+00   2.1795711084875961E+01   1.6917058289336293E+00   2.3207182197373042E+00
         2         46   9.5497541636240196E-06   2.7574173296822782E+01   6.1100544510735872E+00   2.4260883954000523E+00
         2         47   0.0000000000000000E+00   3.6996700456881850E+00   1.5183740776724722E-02   6.3663402104013195E-02
         2         48   0.0000000000000000E+00   2.4001586947656937E+00   9.9458011774508664E-02   1.8686692738879881E-01
         2         49   1.0795266749201509E-09   1.5755970852150516E+00   1.9513116869037608E-01   1.1841706898572851E-01
         2         50   0.0000000000000000E+00   2.6080138028292691E+01   1.4718911264324943E+00   2.8165105243556416E+00
         2         51   0.0000000000000000E+00   1.0645430773162294E+01   8.5565034020924491E-01   1.1063351701472388E+00
         2         52   7.5024250284318776E-06   1.4323918242258697E+01   2.9928584877019384E+00   1.1741524053942998E+00
