################################################################################
# Neural network connection values (weights and biases).
################################################################################
# Col  Name       Description
################################################################################
# 1    connection Neural network connection value.
# 2    t          Connection type (a = weight, b = bias).
# 3    index      Index enumerating weights.
# 4    l_s        Starting point layer (end point layer for biases).
# 5    n_s        Starting point neuron in starting layer (end point neuron for biases).
# 6    l_e        End point layer.
# 7    n_e        End point neuron in end layer.
################################################################################
#                      1 2         3     4     5     6     7
#             connection t     index   l_s   n_s   l_e   n_e
############################################################
 -6.8072973262384522E+01 a         1     0     1     1     1
 -7.8783808880633231E+01 a         2     0     1     1     2
 -6.4226968724708030E+01 a         3     0     1     1     3
 -1.7181496722734278E+02 a         4     0     1     1     4
  5.0450557487391396E+00 a         5     0     1     1     5
 -9.0950623197315068E+01 a         6     0     1     1     6
  3.6939947380114795E+01 a         7     0     1     1     7
 -7.4124007930742437E+01 a         8     0     1     1     8
  5.9647041750293923E+01 a         9     0     1     1     9
 -1.0575655236658827E+02 a        10     0     1     1    10
  9.2560241271378899E+01 a        11     0     1     1    11
  1.9632985520988103E+02 a        12     0     1     1    12
 -7.4424510985505679E+00 a        13     0     1     1    13
 -3.7415266281336820E+01 a        14     0     1     1    14
  8.7335248075054878E+01 a        15     0     1     1    15
  6.4107027924118964E-01 a        16     0     1     1    16
  4.1173387959556287E+01 a        17     0     1     1    17
 -3.8449822125500901E+01 a        18     0     1     1    18
 -7.6975806958846022E+01 a        19     0     1     1    19
 -7.0561480641031054E+01 a        20     0     1     1    20
 -4.6078818298705578E+01 a        21     0     2     1     1
 -2.2534789380420595E+01 a        22     0     2     1     2
 -1.2241450439822364E+01 a        23     0     2     1     3
  5.2096086441404822E+01 a        24     0     2     1     4
  2.9038567237995196E+00 a        25     0     2     1     5
 -4.9808896666332998E+01 a        26     0     2     1     6
  2.2127451470421271E+01 a        27     0     2     1     7
 -9.1521392016659568E+00 a        28     0     2     1     8
 -1.4449071866396801E+01 a        29     0     2     1     9
  1.9158880073372828E+01 a        30     0     2     1    10
  2.5456594658179810E+01 a        31     0     2     1    11
 -3.0123578505174141E+01 a        32     0     2     1    12
  2.4771926210419423E+01 a        33     0     2     1    13
 -1.4268630751642696E+01 a        34     0     2     1    14
 -1.9766313504579763E+01 a        35     0     2     1    15
 -2.6951393691469882E+01 a        36     0     2     1    16
  6.9876932558123812E+00 a        37     0     2     1    17
 -1.7962051601645463E+01 a        38     0     2     1    18
 -2.1486687782346912E+01 a        39     0     2     1    19
  5.9363418032236765E+00 a        40     0     2     1    20
  1.9188356001348285E+02 a        41     0     3     1     1
  2.0372371271605866E+02 a        42     0     3     1     2
  3.2230648131208102E+02 a        43     0     3     1     3
  4.7173448264081514E+02 a        44     0     3     1     4
 -1.9790324410435750E+02 a        45     0     3     1     5
  1.1899060530140451E+02 a        46     0     3     1     6
 -1.3043614467717376E+02 a        47     0     3     1     7
  1.2854560139745050E+02 a        48     0     3     1     8
 -2.4574948982764962E+01 a        49     0     3     1     9
  2.3960966541155486E+02 a        50     0     3     1    10
 -2.3489855183293980E+02 a        51     0     3     1    11
 -5.0057085612774722E+02 a        52     0     3     1    12
  1.6672445650007795E+01 a        53     0     3     1    13
  4.3468620340771764E+01 a        54     0     3     1    14
 -4.3178525139339308E+02 a        55     0     3     1    15
  3.9293824865859030E+01 a        56     0     3     1    16
 -1.6456202420231645E+02 a        57     0     3     1    17
  1.0529628260377771E+02 a        58     0     3     1    18
  1.4254124973349766E+02 a        59     0     3     1    19
 -5.4623782901061794E+01 a        60     0     3     1    20
  1.8376678209553887E+02 a        61     0     4     1     1
  8.3049598761608678E+01 a        62     0     4     1     2
  6.3641216369759405E+01 a        63     0     4     1     3
 -2.1126925385333266E+02 a        64     0     4     1     4
  3.4907369014164757E+01 a        65     0     4     1     5
  6.4174034656279773E+01 a        66     0     4     1     6
 -7.1868038147054918E+01 a        67     0     4     1     7
  2.7138008122197157E+01 a        68     0     4     1     8
  3.5543868207009240E+01 a        69     0     4     1     9
 -7.0469847446849784E+01 a        70     0     4     1    10
 -9.8344220829807369E+01 a        71     0     4     1    11
  1.3210822511176551E+02 a        72     0     4     1    12
 -8.3277930517440751E+01 a        73     0     4     1    13
  4.6712343783820707E+01 a        74     0     4     1    14
  5.5935731999383279E+01 a        75     0     4     1    15
  5.6747059773448925E+01 a        76     0     4     1    16
 -4.4228089427114227E+01 a        77     0     4     1    17
  6.5616322569146078E+01 a        78     0     4     1    18
  6.3908974014356296E+01 a        79     0     4     1    19
 -4.3162868144734041E+01 a        80     0     4     1    20
  7.8709700316828219E+01 a        81     0     5     1     1
 -1.6165554521038533E+02 a        82     0     5     1     2
 -4.7783823172353635E+02 a        83     0     5     1     3
 -2.4955389962902970E+02 a        84     0     5     1     4
  2.2422846594972881E+02 a        85     0     5     1     5
  1.2686014956326326E+02 a        86     0     5     1     6
  1.8855097301119716E+02 a        87     0     5     1     7
  6.6885662087923365E+01 a        88     0     5     1     8
 -2.5503854940014691E+02 a        89     0     5     1     9
 -2.1066064352497822E+01 a        90     0     5     1    10
  2.0185963496549252E+02 a        91     0     5     1    11
  2.3966042229608789E+02 a        92     0     5     1    12
  1.0281691675726078E+02 a        93     0     5     1    13
  4.8448115762563219E+01 a        94     0     5     1    14
  7.1292469240670960E+02 a        95     0     5     1    15
 -1.1352378952693022E+02 a        96     0     5     1    16
  5.5017622714353301E+01 a        97     0     5     1    17
 -1.1792069227759531E+02 a        98     0     5     1    18
  1.4083988193347741E+01 a        99     0     5     1    19
  5.3553467127161809E+02 a       100     0     5     1    20
 -2.2067850527334039E+02 a       101     0     6     1     1
 -9.7424136674808409E+01 a       102     0     6     1     2
 -9.6944295625176252E+01 a       103     0     6     1     3
  2.7249415615236228E+02 a       104     0     6     1     4
 -1.1949169666058046E+02 a       105     0     6     1     5
 -2.9641398043202599E+01 a       106     0     6     1     6
  4.8933627766270867E+01 a       107     0     6     1     7
 -3.1051566574789696E+01 a       108     0     6     1     8
 -2.3165017368668021E+01 a       109     0     6     1     9
  5.6488334582316099E+01 a       110     0     6     1    10
  1.4443143887993003E+02 a       111     0     6     1    11
 -1.5892470486742997E+02 a       112     0     6     1    12
  7.6760457701373255E+01 a       113     0     6     1    13
 -7.0411090639793173E+01 a       114     0     6     1    14
 -3.5610962840260626E+01 a       115     0     6     1    15
 -2.1124937274632344E+01 a       116     0     6     1    16
  6.5966668959248238E+01 a       117     0     6     1    17
 -9.6492189941172867E+01 a       118     0     6     1    18
 -6.5905510732693372E+01 a       119     0     6     1    19
  8.3720338866278766E+01 a       120     0     6     1    20
  3.3259607925221330E+03 a       121     0     7     1     1
  5.1774567798495457E+02 a       122     0     7     1     2
  7.3391968595024252E+01 a       123     0     7     1     3
  1.1152798148946049E+03 a       124     0     7     1     4
  3.2685427391725177E+01 a       125     0     7     1     5
 -1.7182998037866469E+02 a       126     0     7     1     6
  6.6397227659010952E+01 a       127     0     7     1     7
 -2.4410004841728721E+02 a       128     0     7     1     8
 -1.0682928287528423E+03 a       129     0     7     1     9
 -1.0918881603430902E+03 a       130     0     7     1    10
 -4.4576073738342239E+02 a       131     0     7     1    11
 -6.0062639304318373E+02 a       132     0     7     1    12
  2.5769966579892542E+02 a       133     0     7     1    13
  3.6611923383935554E+01 a       134     0     7     1    14
 -3.2152703838631527E+02 a       135     0     7     1    15
  1.2103769430954178E+03 a       136     0     7     1    16
 -8.6897801541842995E+01 a       137     0     7     1    17
 -5.0076966680935749E+02 a       138     0     7     1    18
 -1.8610566496122047E+02 a       139     0     7     1    19
 -4.4996099493233061E+02 a       140     0     7     1    20
  3.3097837187763105E+02 a       141     0     8     1     1
  5.5372957331975272E+01 a       142     0     8     1     2
  7.4297403094880998E+00 a       143     0     8     1     3
 -1.5914007803412412E+02 a       144     0     8     1     4
  3.4608343036016997E+01 a       145     0     8     1     5
  2.6155954653933222E+01 a       146     0     8     1     6
 -2.7628118190900782E+01 a       147     0     8     1     7
  2.4840218427226365E+01 a       148     0     8     1     8
 -6.0355593285750659E+00 a       149     0     8     1     9
 -1.2191482350952091E+02 a       150     0     8     1    10
 -7.2430396335335089E+01 a       151     0     8     1    11
  1.0109356853358557E+02 a       152     0     8     1    12
 -2.2135210881669934E+01 a       153     0     8     1    13
  3.4041144663577143E+01 a       154     0     8     1    14
 -2.4964104991818701E+00 a       155     0     8     1    15
  5.3952998596256670E+01 a       156     0     8     1    16
 -3.7295967051753124E+01 a       157     0     8     1    17
  4.7448075508379269E+01 a       158     0     8     1    18
  2.1226913049211550E+01 a       159     0     8     1    19
 -1.4778825399552831E+01 a       160     0     8     1    20
 -8.9416072096270534E+02 a       161     0     9     1     1
 -5.5536297078959336E+01 a       162     0     9     1     2
  1.1744452254433561E+02 a       163     0     9     1     3
 -3.8236183437664238E+02 a       164     0     9     1     4
  9.8968084866582899E+01 a       165     0     9     1     5
 -1.1389450050128109E+02 a       166     0     9     1     6
 -1.0324208322941188E+02 a       167     0     9     1     7
 -1.0282371656560612E+02 a       168     0     9     1     8
  4.1034003955716412E+02 a       169     0     9     1     9
  9.8207564520880624E+00 a       170     0     9     1    10
 -1.2802518645388616E+01 a       171     0     9     1    11
  2.7024745461486481E+02 a       172     0     9     1    12
 -2.1364916248725646E+02 a       173     0     9     1    13
 -5.3913833087613831E+01 a       174     0     9     1    14
 -2.7114678332434028E+02 a       175     0     9     1    15
 -1.2989970313917971E+02 a       176     0     9     1    16
  1.5783401472866555E+02 a       177     0     9     1    17
  1.4351830985013910E+02 a       178     0     9     1    18
 -8.7236499799013615E+01 a       179     0     9     1    19
 -3.6621567210692075E+02 a       180     0     9     1    20
 -9.2273859957213773E+00 a       181     0    10     1     1
  6.8769638971477534E+00 a       182     0    10     1     2
  2.9191253515123876E+01 a       183     0    10     1     3
 -5.8036437746545801E+01 a       184     0    10     1     4
  8.0665766676634945E+01 a       185     0    10     1     5
  1.1583016354959462E+01 a       186     0    10     1     6
  2.5076556685498758E+01 a       187     0    10     1     7
 -5.9011874753719196E-01 a       188     0    10     1     8
 -1.3323164973023349E+00 a       189     0    10     1     9
  3.9326556713031707E+01 a       190     0    10     1    10
 -4.8226904688001788E+01 a       191     0    10     1    11
  7.9297721648274004E+00 a       192     0    10     1    12
  4.0378371144127101E+00 a       193     0    10     1    13
  3.2819317704107149E+01 a       194     0    10     1    14
 -1.3719571474074334E+01 a       195     0    10     1    15
 -2.7477256744759508E+01 a       196     0    10     1    16
 -1.2776249326836240E+01 a       197     0    10     1    17
  3.3713138673241723E+01 a       198     0    10     1    18
  1.0930002132994733E+01 a       199     0    10     1    19
 -4.3818321974706834E+01 a       200     0    10     1    20
 -1.3053099419433245E+03 a       201     0    11     1     1
 -2.0100449861583490E+02 a       202     0    11     1     2
  9.5973270666690536E-01 a       203     0    11     1     3
 -3.7269256722271655E+02 a       204     0    11     1     4
 -9.1449107253606794E+00 a       205     0    11     1     5
  2.8682240680334914E+01 a       206     0    11     1     6
 -2.1715282948457855E+01 a       207     0    11     1     7
  7.5409120008538636E+01 a       208     0    11     1     8
  3.9504968578020680E+02 a       209     0    11     1     9
  3.7997617397637322E+02 a       210     0    11     1    10
  1.5030500380934146E+02 a       211     0    11     1    11
  1.8120920209200210E+02 a       212     0    11     1    12
 -9.6838729986379136E+01 a       213     0    11     1    13
 -2.0779088220618109E+00 a       214     0    11     1    14
  4.7852099938746022E+01 a       215     0    11     1    15
 -4.0769361417187190E+02 a       216     0    11     1    16
  5.6469531669281331E+01 a       217     0    11     1    17
  2.0034293238002815E+02 a       218     0    11     1    18
  5.8443968034344785E+01 a       219     0    11     1    19
  8.5676019519999329E+01 a       220     0    11     1    20
 -1.0153647502379229E+02 a       221     0    12     1     1
  1.1205696106493587E+01 a       222     0    12     1     2
  2.0498525401124294E+01 a       223     0    12     1     3
 -2.6010236444677584E+01 a       224     0    12     1     4
 -2.4864571195927020E+01 a       225     0    12     1     5
  3.1556828878914487E+01 a       226     0    12     1     6
 -5.0920065086635070E+01 a       227     0    12     1     7
  2.5724865061641790E+01 a       228     0    12     1     8
  2.4789881197169564E+01 a       229     0    12     1     9
  1.0202676225919895E+01 a       230     0    12     1    10
 -7.8776726379789608E+01 a       231     0    12     1    11
  8.2363542716972944E+01 a       232     0    12     1    12
 -3.0339646037419893E+01 a       233     0    12     1    13
 -3.8868278983468926E+01 a       234     0    12     1    14
  4.9899971473630949E+01 a       235     0    12     1    15
 -5.4531438220468445E+01 a       236     0    12     1    16
 -3.1743244143253019E+01 a       237     0    12     1    17
 -2.2790935372061810E+01 a       238     0    12     1    18
 -5.1392979410051076E+00 a       239     0    12     1    19
 -2.5233769031704231E+01 a       240     0    12     1    20
 -1.3631518961457687E+03 a       241     0    13     1     1
 -2.4365485367627176E+02 a       242     0    13     1     2
  6.0262854905129700E+01 a       243     0    13     1     3
 -3.3214419028965256E+02 a       244     0    13     1     4
 -1.8720650276292719E+02 a       245     0    13     1     5
  1.1901521673814003E+02 a       246     0    13     1     6
 -1.3660957488032794E+01 a       247     0    13     1     7
  1.4942139426716665E+02 a       248     0    13     1     8
  4.6499435689813208E+02 a       249     0    13     1     9
  5.9384109866180415E+02 a       250     0    13     1    10
  2.8058124875470986E+02 a       251     0    13     1    11
  1.8048302459156599E+02 a       252     0    13     1    12
 -2.1269398159187840E+01 a       253     0    13     1    13
 -2.8612969476087372E+01 a       254     0    13     1    14
  1.6368082904222084E+02 a       255     0    13     1    15
 -5.9215465253812420E+02 a       256     0    13     1    16
 -5.2709224607933656E+01 a       257     0    13     1    17
  2.0391269891762079E+02 a       258     0    13     1    18
  1.4810575393692793E+02 a       259     0    13     1    19
  3.0961431118226903E+02 a       260     0    13     1    20
 -1.4738046471476747E+02 a       261     0    14     1     1
 -9.3085683560147494E+00 a       262     0    14     1     2
  6.6128473232860205E+00 a       263     0    14     1     3
  6.9438222983119005E+01 a       264     0    14     1     4
 -3.9190316827575550E+01 a       265     0    14     1     5
 -1.4783616097438852E+01 a       266     0    14     1     6
 -1.0324575102016702E+01 a       267     0    14     1     7
 -2.6496750806005540E+00 a       268     0    14     1     8
  3.9391012814875412E+00 a       269     0    14     1     9
  3.5215147163903147E+01 a       270     0    14     1    10
  3.9570420094739809E+01 a       271     0    14     1    11
 -2.4604740892973275E+01 a       272     0    14     1    12
 -6.5439686852676724E+00 a       273     0    14     1    13
 -2.7158733474550832E+01 a       274     0    14     1    14
  1.5065623005783630E+01 a       275     0    14     1    15
 -1.6197752758123137E+01 a       276     0    14     1    16
  1.4873040715607747E+01 a       277     0    14     1    17
 -2.5522473335640317E+01 a       278     0    14     1    18
 -3.0580993416838567E+00 a       279     0    14     1    19
  1.4064005910254254E+01 a       280     0    14     1    20
  2.0695218301712742E+01 a       281     0    15     1     1
  8.0461223830361472E+00 a       282     0    15     1     2
  1.4744281404964483E+00 a       283     0    15     1     3
 -1.6422353189472098E+01 a       284     0    15     1     4
 -8.6073469836230938E+00 a       285     0    15     1     5
  6.5938183696286350E+00 a       286     0    15     1     6
 -7.2322817334763689E+00 a       287     0    15     1     7
  2.3818510199997251E+00 a       288     0    15     1     8
  1.4879213519640215E+01 a       289     0    15     1     9
  9.1863323113066571E+00 a       290     0    15     1    10
  3.3871398284180509E+00 a       291     0    15     1    11
  1.7639776910184111E+01 a       292     0    15     1    12
 -4.4257354160889939E+00 a       293     0    15     1    13
 -7.9856495434187869E+00 a       294     0    15     1    14
  8.2223807738345300E+00 a       295     0    15     1    15
 -1.5908023112552895E+01 a       296     0    15     1    16
 -9.1262580424315587E+00 a       297     0    15     1    17
  4.6854557125376434E-01 a       298     0    15     1    18
  3.0333980184460163E+00 a       299     0    15     1    19
  1.6148199701301586E+01 a       300     0    15     1    20
  4.0666767008340212E+00 a       301     0    16     1     1
 -6.1333628124482571E+00 a       302     0    16     1     2
 -4.1921404078024107E+00 a       303     0    16     1     3
  1.5533209922056647E+01 a       304     0    16     1     4
  5.7065690559814835E+00 a       305     0    16     1     5
 -1.0183293673347039E+01 a       306     0    16     1     6
  1.4435454958490293E+01 a       307     0    16     1     7
 -7.9300290263114652E+00 a       308     0    16     1     8
 -6.2896908878145172E+00 a       309     0    16     1     9
  6.4742646566195470E+00 a       310     0    16     1    10
  2.3013188333218718E+01 a       311     0    16     1    11
 -2.6333879323455303E+01 a       312     0    16     1    12
  9.0367140374315742E+00 a       313     0    16     1    13
  8.4121894859981072E+00 a       314     0    16     1    14
 -1.2686643901113650E+01 a       315     0    16     1    15
  9.7470350455268040E+00 a       316     0    16     1    16
  1.0373713771373936E+01 a       317     0    16     1    17
  3.9041165302844640E+00 a       318     0    16     1    18
  3.4993092902416001E-01 a       319     0    16     1    19
  6.6389181325615141E+00 a       320     0    16     1    20
 -6.2734494211507929E+01 a       321     0    17     1     1
  2.6675326475609542E+00 a       322     0    17     1     2
 -4.8081007642678756E+01 a       323     0    17     1     3
 -1.0104018753457098E+02 a       324     0    17     1     4
  5.0835794846665600E+01 a       325     0    17     1     5
 -7.4520088924395136E+00 a       326     0    17     1     6
 -1.5609959514057479E+01 a       327     0    17     1     7
 -2.0894478082729711E+00 a       328     0    17     1     8
  2.3901410905668673E+01 a       329     0    17     1     9
  6.7785921552874262E+00 a       330     0    17     1    10
 -3.4069446659048545E+01 a       331     0    17     1    11
  2.0575125127070145E+01 a       332     0    17     1    12
 -4.7001191614633569E+01 a       333     0    17     1    13
  1.0675344596268927E+01 a       334     0    17     1    14
 -1.5293098554134557E+00 a       335     0    17     1    15
  1.9757521436929399E+00 a       336     0    17     1    16
  9.3688447321713948E+00 a       337     0    17     1    17
  1.8266858467642873E+01 a       338     0    17     1    18
 -2.4046452338889804E+01 a       339     0    17     1    19
 -5.2296918796456806E+00 a       340     0    17     1    20
  2.9474026560756990E+00 a       341     0    18     1     1
 -2.1377527379385558E+01 a       342     0    18     1     2
 -1.4110881116166336E+01 a       343     0    18     1     3
  3.7810852464062201E+01 a       344     0    18     1     4
  2.2847172855725471E+01 a       345     0    18     1     5
 -2.6605644967721652E+01 a       346     0    18     1     6
  4.4672718918170546E+01 a       347     0    18     1     7
 -2.4954772976223325E+01 a       348     0    18     1     8
 -1.2679095964688090E+01 a       349     0    18     1     9
  2.5431155305048446E+01 a       350     0    18     1    10
  5.2366364610384444E+01 a       351     0    18     1    11
 -7.3826118966156898E+01 a       352     0    18     1    12
  2.3777662538854042E+01 a       353     0    18     1    13
  2.5980593065135032E+01 a       354     0    18     1    14
 -3.3768941193303618E+01 a       355     0    18     1    15
  1.9263157036352887E+01 a       356     0    18     1    16
  2.4538737436461602E+01 a       357     0    18     1    17
  9.4442864819613153E+00 a       358     0    18     1    18
 -1.4862663473832551E+00 a       359     0    18     1    19
  1.2683450193516629E+01 a       360     0    18     1    20
  4.2010139426337521E+00 a       361     0    19     1     1
 -1.0279459385104181E-01 a       362     0    19     1     2
  2.2853902567897819E+01 a       363     0    19     1     3
  2.2718221574201969E+01 a       364     0    19     1     4
 -9.3007083917973787E+00 a       365     0    19     1     5
 -3.2333775692052873E+00 a       366     0    19     1     6
 -6.8369175753471696E+00 a       367     0    19     1     7
  3.0710078807521007E-01 a       368     0    19     1     8
  3.5495323527311315E+00 a       369     0    19     1     9
 -2.7092619028310256E+00 a       370     0    19     1    10
  1.0849076123782737E+01 a       371     0    19     1    11
  1.6225104919768253E+01 a       372     0    19     1    12
  1.4435459131601268E+01 a       373     0    19     1    13
 -1.8585148996989229E+01 a       374     0    19     1    14
  4.0626143628306135E+00 a       375     0    19     1    15
 -1.7675839783590490E+01 a       376     0    19     1    16
  8.1103616307204298E+00 a       377     0    19     1    17
 -8.8166309833904197E+00 a       378     0    19     1    18
  1.3769783866230791E+01 a       379     0    19     1    19
  1.6013249406770727E+00 a       380     0    19     1    20
  1.0074887354750572E+00 a       381     0    20     1     1
 -1.1851382950839739E+00 a       382     0    20     1     2
 -7.7981828478062620E-01 a       383     0    20     1     3
  8.1920891792397370E+00 a       384     0    20     1     4
  5.4711339940661818E-01 a       385     0    20     1     5
 -4.8845298730376374E+00 a       386     0    20     1     6
  4.3061412750954933E+00 a       387     0    20     1     7
 -1.9090668870719874E+00 a       388     0    20     1     8
 -3.4459558290589301E+00 a       389     0    20     1     9
  1.8159163090488164E+00 a       390     0    20     1    10
  1.3137665965034472E+01 a       391     0    20     1    11
 -1.0727174466735914E+01 a       392     0    20     1    12
  2.3267672289497439E+00 a       393     0    20     1    13
  1.6675966492746015E+00 a       394     0    20     1    14
 -4.6191245462878179E+00 a       395     0    20     1    15
  5.0969891778119081E+00 a       396     0    20     1    16
  5.8056660086339038E+00 a       397     0    20     1    17
  1.6399404546769227E+00 a       398     0    20     1    18
  8.7251107467909694E-01 a       399     0    20     1    19
  3.4816776754976497E+00 a       400     0    20     1    20
  9.5019395066758872E-01 a       401     0    21     1     1
  2.0895653542262118E+00 a       402     0    21     1     2
 -7.4515336813954498E+00 a       403     0    21     1     3
 -9.1746648043124939E+00 a       404     0    21     1     4
  1.4811797833558138E-01 a       405     0    21     1     5
  5.3626851867553134E+00 a       406     0    21     1     6
  2.0790295864515826E+00 a       407     0    21     1     7
  2.2261713062310742E+00 a       408     0    21     1     8
  8.8336053166780881E-01 a       409     0    21     1     9
  4.2640124947504487E+00 a       410     0    21     1    10
 -1.3307221769365298E+00 a       411     0    21     1    11
 -2.5543477398257810E+00 a       412     0    21     1    12
 -6.5544515866590940E+00 a       413     0    21     1    13
  7.4384993831650839E+00 a       414     0    21     1    14
  2.9095374681313085E-01 a       415     0    21     1    15
  1.9380185697540815E+00 a       416     0    21     1    16
 -6.0473169029338365E+00 a       417     0    21     1    17
  2.7972233732848255E+00 a       418     0    21     1    18
 -3.7495591359554021E+00 a       419     0    21     1    19
  4.2527612351865844E+00 a       420     0    21     1    20
  1.2823365333625950E-01 a       421     0    22     1     1
 -9.3578827996537373E-01 a       422     0    22     1     2
 -8.0312797011263770E-01 a       423     0    22     1     3
  3.2793335154612846E-01 a       424     0    22     1     4
  6.5083618542355737E-01 a       425     0    22     1     5
 -6.8668422158258169E-01 a       426     0    22     1     6
  1.5888519589794796E+00 a       427     0    22     1     7
 -8.4312492290116647E-01 a       428     0    22     1     8
  3.1242363172275300E-01 a       429     0    22     1     9
  3.7889166932455293E-01 a       430     0    22     1    10
  4.2048104658906627E-01 a       431     0    22     1    11
 -2.1712855349555178E+00 a       432     0    22     1    12
  3.8000755278651244E-01 a       433     0    22     1    13
  1.2395135613142736E+00 a       434     0    22     1    14
 -8.0162062832571113E-01 a       435     0    22     1    15
  4.5176851991944178E-01 a       436     0    22     1    16
 -3.1996598794816011E-01 a       437     0    22     1    17
  3.7618213034699716E-01 a       438     0    22     1    18
  1.0687323819914256E-01 a       439     0    22     1    19
  5.0849493444683658E-01 a       440     0    22     1    20
  1.1768066735866309E+01 a       441     0    23     1     1
 -2.2041404607399787E+01 a       442     0    23     1     2
 -1.5901410953103581E+02 a       443     0    23     1     3
  9.6046713348591553E+01 a       444     0    23     1     4
 -6.5723687872150052E+01 a       445     0    23     1     5
 -1.5714492777650827E+02 a       446     0    23     1     6
  1.0765434285312323E+02 a       447     0    23     1     7
 -6.7836999231060446E+01 a       448     0    23     1     8
  6.8389697584893682E+01 a       449     0    23     1     9
 -4.9007984407454863E+01 a       450     0    23     1    10
 -3.0185371669068410E+01 a       451     0    23     1    11
 -5.4114968200270688E+01 a       452     0    23     1    12
  2.2490859868092068E+02 a       453     0    23     1    13
 -3.0719741734762842E+01 a       454     0    23     1    14
 -3.6428867720977792E+01 a       455     0    23     1    15
 -1.3144145435630779E+02 a       456     0    23     1    16
  8.4649893617295618E+01 a       457     0    23     1    17
 -5.3754966942755040E+01 a       458     0    23     1    18
 -1.6774903413681108E+02 a       459     0    23     1    19
  1.9060724492631226E+02 a       460     0    23     1    20
  2.8713660767182276E+01 a       461     0    24     1     1
 -7.6291082077120533E+00 a       462     0    24     1     2
  1.3886253869271579E+01 a       463     0    24     1     3
  1.7188996743292225E+01 a       464     0    24     1     4
  1.2935859319537181E+01 a       465     0    24     1     5
 -7.1891049051788556E+01 a       466     0    24     1     6
 -3.4753414071916168E+01 a       467     0    24     1     7
  7.2874179965710981E+00 a       468     0    24     1     8
  3.6148758031361467E+01 a       469     0    24     1     9
 -2.1022998114047510E+01 a       470     0    24     1    10
  1.3198984146361422E+01 a       471     0    24     1    11
  2.0726486791348741E+01 a       472     0    24     1    12
 -2.6735723495356589E-01 a       473     0    24     1    13
 -2.0954194878772977E+01 a       474     0    24     1    14
  6.1953221695071550E+00 a       475     0    24     1    15
 -7.8837272515177643E+00 a       476     0    24     1    16
  2.2286722302883376E+01 a       477     0    24     1    17
 -1.0146191865816482E+01 a       478     0    24     1    18
 -2.2651775569192335E+01 a       479     0    24     1    19
 -1.3685121575140354E+01 a       480     0    24     1    20
  2.1209763674160136E+01 a       481     0    25     1     1
  2.5402411116134466E+01 a       482     0    25     1     2
 -3.3988424170849200E+01 a       483     0    25     1     3
 -2.3449283688756513E+01 a       484     0    25     1     4
 -3.6340127174813244E+00 a       485     0    25     1     5
 -4.8337927310850034E+01 a       486     0    25     1     6
  4.1683435702829659E+00 a       487     0    25     1     7
  4.2845436472310652E+01 a       488     0    25     1     8
  5.6451013366396730E+01 a       489     0    25     1     9
  3.8988215367362379E+01 a       490     0    25     1    10
 -1.9797655784123251E+01 a       491     0    25     1    11
  1.2832332206180487E+02 a       492     0    25     1    12
  6.7186446618678000E+00 a       493     0    25     1    13
 -3.6305776228275324E+00 a       494     0    25     1    14
  1.0307424173001984E+01 a       495     0    25     1    15
 -2.5962507048140254E-01 a       496     0    25     1    16
  4.0382278236220728E+01 a       497     0    25     1    17
 -6.6463637147237463E+01 a       498     0    25     1    18
 -5.0299853155348160E+01 a       499     0    25     1    19
 -1.2643221637347381E+01 a       500     0    25     1    20
  2.3057417131819033E+01 a       501     0    26     1     1
  6.2064375927481613E+01 a       502     0    26     1     2
  8.0118934314865683E+01 a       503     0    26     1     3
 -3.2311910956600400E+01 a       504     0    26     1     4
  3.4626056237129042E+01 a       505     0    26     1     5
 -3.7001457300034978E+01 a       506     0    26     1     6
 -4.3084230046830889E+01 a       507     0    26     1     7
  1.0055676212693697E+02 a       508     0    26     1     8
 -3.0779757751437472E+01 a       509     0    26     1     9
  6.4295647060652612E+01 a       510     0    26     1    10
  1.4490052258884239E+02 a       511     0    26     1    11
  1.3902970314908354E+00 a       512     0    26     1    12
 -1.5998725547994195E+02 a       513     0    26     1    13
  5.6796520245642455E+01 a       514     0    26     1    14
  1.0327882267848359E+01 a       515     0    26     1    15
  9.8994268343049924E+01 a       516     0    26     1    16
 -3.2606245158661125E+01 a       517     0    26     1    17
 -7.2753709437950093E+01 a       518     0    26     1    18
  8.2482766076423957E+01 a       519     0    26     1    19
 -1.9931698752803911E+02 a       520     0    26     1    20
  4.3899912686431009E+00 a       521     0    27     1     1
  1.0311010496817435E+01 a       522     0    27     1     2
  6.8797393880138120E+00 a       523     0    27     1     3
 -1.7901539146732528E+01 a       524     0    27     1     4
 -4.2968552601507293E+00 a       525     0    27     1     5
 -4.1597436412981310E+01 a       526     0    27     1     6
  4.7120381963448370E+00 a       527     0    27     1     7
  2.4819391470503756E+01 a       528     0    27     1     8
  6.0662814698431315E+00 a       529     0    27     1     9
  1.8350832282299820E+01 a       530     0    27     1    10
 -2.7049870749073982E+01 a       531     0    27     1    11
 -3.5237418436434562E+00 a       532     0    27     1    12
 -2.2561495432397820E+01 a       533     0    27     1    13
  8.4660898761317771E+00 a       534     0    27     1    14
 -5.0196223540711671E+00 a       535     0    27     1    15
 -1.0150423653753183E+01 a       536     0    27     1    16
 -1.6887915457721881E+01 a       537     0    27     1    17
 -1.5522332993398125E+01 a       538     0    27     1    18
 -1.3199298137664037E+00 a       539     0    27     1    19
  4.3575046894513854E+00 a       540     0    27     1    20
 -1.7350448333741081E+01 a       541     0    28     1     1
  2.6463651440585018E+01 a       542     0    28     1     2
  9.6514318748687540E+00 a       543     0    28     1     3
  5.7805499798806110E+00 a       544     0    28     1     4
 -1.1721312301289460E+01 a       545     0    28     1     5
  9.3565609713522605E+01 a       546     0    28     1     6
  1.0551553719145822E+01 a       547     0    28     1     7
  1.3715515108878829E+01 a       548     0    28     1     8
 -7.6169426903484716E+00 a       549     0    28     1     9
 -2.7914146232422468E+01 a       550     0    28     1    10
 -2.4471685299041805E+01 a       551     0    28     1    11
  1.3926894102558821E+01 a       552     0    28     1    12
 -1.0578850346573949E+01 a       553     0    28     1    13
  2.0494065029687789E+00 a       554     0    28     1    14
 -1.0834590639978227E+01 a       555     0    28     1    15
 -8.3783167570483226E+00 a       556     0    28     1    16
 -1.9330822919229441E+01 a       557     0    28     1    17
 -3.8027429729215205E+00 a       558     0    28     1    18
  1.8524329439840731E+01 a       559     0    28     1    19
  1.6416188065911243E+01 a       560     0    28     1    20
 -5.7811172354056964E+01 a       561     0    29     1     1
 -6.1334405991315620E+01 a       562     0    29     1     2
  6.7130693469222436E+01 a       563     0    29     1     3
 -6.0192701214073132E+01 a       564     0    29     1     4
 -1.4418332438155071E+01 a       565     0    29     1     5
  3.6974903040956903E+01 a       566     0    29     1     6
 -1.2230482396595947E+02 a       567     0    29     1     7
  9.7628442072970536E+00 a       568     0    29     1     8
 -7.9321478811373979E+01 a       569     0    29     1     9
  6.0107243868223339E+00 a       570     0    29     1    10
 -5.0502500967873729E+01 a       571     0    29     1    11
 -2.6290214420724627E+01 a       572     0    29     1    12
 -9.7538886480509305E+01 a       573     0    29     1    13
  8.7127982423762393E+00 a       574     0    29     1    14
  3.7167446197309289E+01 a       575     0    29     1    15
  1.1561487836488951E+01 a       576     0    29     1    16
 -2.6725524139177650E+00 a       577     0    29     1    17
  6.9734105827169856E+01 a       578     0    29     1    18
  9.4308732654581306E+01 a       579     0    29     1    19
 -4.7718433735443329E+00 a       580     0    29     1    20
 -1.7196330758373250E+01 a       581     0    30     1     1
 -1.0272720296358150E+01 a       582     0    30     1     2
  9.4997851454318631E+00 a       583     0    30     1     3
  1.4217598465073115E+01 a       584     0    30     1     4
  9.3478211781962202E+00 a       585     0    30     1     5
  8.5403921485448279E+01 a       586     0    30     1     6
  3.3928396296129626E+00 a       587     0    30     1     7
 -2.4458989751425278E+01 a       588     0    30     1     8
 -2.2264012502518987E+01 a       589     0    30     1     9
  8.6488052856766118E-01 a       590     0    30     1    10
  5.8966513896634893E+00 a       591     0    30     1    11
 -8.6792803279637880E+00 a       592     0    30     1    12
  1.3954022488221577E+01 a       593     0    30     1    13
  1.1032856007697072E+01 a       594     0    30     1    14
  7.6135051144611809E+00 a       595     0    30     1    15
  2.1736907989287158E+01 a       596     0    30     1    16
 -7.9193794341376722E-01 a       597     0    30     1    17
  3.8797851452812225E+01 a       598     0    30     1    18
  1.5040824294220540E+01 a       599     0    30     1    19
  2.8846009345971787E+01 a       600     0    30     1    20
  2.4947612575537161E+00 a       601     0    31     1     1
 -2.1012859974762655E+01 a       602     0    31     1     2
  1.8704047486662997E+01 a       603     0    31     1     3
  7.8675036239887284E+00 a       604     0    31     1     4
  1.8700441708565840E+00 a       605     0    31     1     5
  5.7418005959775058E+01 a       606     0    31     1     6
 -6.3309341894311943E+00 a       607     0    31     1     7
 -4.0571142073903147E+01 a       608     0    31     1     8
 -2.8627561073760312E+01 a       609     0    31     1     9
  1.2496701627222965E+01 a       610     0    31     1    10
  2.6541847198975507E+01 a       611     0    31     1    11
 -1.0241252694054502E+02 a       612     0    31     1    12
 -1.8612524484688489E+00 a       613     0    31     1    13
  1.0171739300051239E+01 a       614     0    31     1    14
  5.0785935138710361E+00 a       615     0    31     1    15
  1.8981160435730107E+01 a       616     0    31     1    16
 -3.2322258331468653E+01 a       617     0    31     1    17
  6.5592852972450302E+01 a       618     0    31     1    18
  5.9380837744543866E+00 a       619     0    31     1    19
  3.6902436582528947E-01 a       620     0    31     1    20
  9.4176455242253958E+00 a       621     0    32     1     1
  7.0267581752849807E+01 a       622     0    32     1     2
  1.9615870259865494E+02 a       623     0    32     1     3
 -1.0448695283343402E+02 a       624     0    32     1     4
  7.1902299904875207E+01 a       625     0    32     1     5
  4.1506479627522637E+01 a       626     0    32     1     6
 -1.3833400589389390E+02 a       627     0    32     1     7
  1.6302031998896288E+02 a       628     0    32     1     8
 -9.3200596867083092E+01 a       629     0    32     1     9
  1.0496781575825486E+02 a       630     0    32     1    10
  1.8409043961513842E+02 a       631     0    32     1    11
  2.1609011956937966E+01 a       632     0    32     1    12
 -3.3566618921313955E+02 a       633     0    32     1    13
  8.9068296794159721E+01 a       634     0    32     1    14
  4.1286327371331694E+01 a       635     0    32     1    15
  1.9149678173268160E+02 a       636     0    32     1    16
 -8.5165256351957922E+01 a       637     0    32     1    17
 -4.5058606723556196E+01 a       638     0    32     1    18
  2.1231795084271886E+02 a       639     0    32     1    19
 -3.4527203278258060E+02 a       640     0    32     1    20
 -2.0755119472409387E+01 a       641     0    33     1     1
  1.5900625494966460E+01 a       642     0    33     1     2
  1.5975898436398213E+00 a       643     0    33     1     3
 -3.3028781177767392E+01 a       644     0    33     1     4
 -1.0978470120551480E+01 a       645     0    33     1     5
  2.9788756160919625E+01 a       646     0    33     1     6
  3.3919098385529949E+01 a       647     0    33     1     7
  1.8561911603353344E+01 a       648     0    33     1     8
 -2.8808242569372506E+01 a       649     0    33     1     9
  4.2760147639213159E+01 a       650     0    33     1    10
 -4.3861373961712950E+01 a       651     0    33     1    11
 -2.4417275003390827E+01 a       652     0    33     1    12
 -2.3243128030468892E+01 a       653     0    33     1    13
  3.2100362403500498E+01 a       654     0    33     1    14
 -6.8951892530664223E+00 a       655     0    33     1    15
  1.1640579188132814E+00 a       656     0    33     1    16
 -3.9678360131279426E+01 a       657     0    33     1    17
  2.6276661052695021E+00 a       658     0    33     1    18
  1.9605866796496155E+01 a       659     0    33     1    19
  2.7502968552828289E+01 a       660     0    33     1    20
 -3.5136660641537595E+01 a       661     0    34     1     1
  1.5544076996686114E+01 a       662     0    34     1     2
  3.5681996927275264E+01 a       663     0    34     1     3
  2.5202013888678028E+01 a       664     0    34     1     4
 -1.2465246909299047E+01 a       665     0    34     1     5
  1.6329634811594795E+02 a       666     0    34     1     6
  9.2596585488992549E+00 a       667     0    34     1     7
 -1.5145774663313892E+01 a       668     0    34     1     8
 -4.9527823023928462E+01 a       669     0    34     1     9
 -5.3889130918149924E+01 a       670     0    34     1    10
 -1.3254126889217066E+01 a       671     0    34     1    11
 -8.0180214937121391E+01 a       672     0    34     1    12
 -1.8154139954928976E+01 a       673     0    34     1    13
  8.9601955125902624E+00 a       674     0    34     1    14
 -2.0049956287307182E+01 a       675     0    34     1    15
 -6.9259595258181479E+00 a       676     0    34     1    16
 -5.5522467679474268E+01 a       677     0    34     1    17
  5.0802358130861165E+01 a       678     0    34     1    18
  5.3396434291263866E+01 a       679     0    34     1    19
  2.9764909939498438E+01 a       680     0    34     1    20
  5.1228773777595329E+01 a       681     0    35     1     1
  1.1340634388223360E+02 a       682     0    35     1     2
 -2.2832498717950295E-01 a       683     0    35     1     3
  8.1272226109146430E+00 a       684     0    35     1     4
 -1.4129125729214076E+01 a       685     0    35     1     5
 -1.0322660552640460E+01 a       686     0    35     1     6
  1.0018688949188953E+02 a       687     0    35     1     7
  4.4735552231014623E+01 a       688     0    35     1     8
 -1.2315398617311258E+01 a       689     0    35     1     9
  2.4912402102391109E+01 a       690     0    35     1    10
  4.4755385573205118E+01 a       691     0    35     1    11
  4.3616508821534552E+01 a       692     0    35     1    12
 -2.9884930265534010E+01 a       693     0    35     1    13
  1.7675287848547789E+01 a       694     0    35     1    14
  2.8466110562609614E+01 a       695     0    35     1    15
  5.8962457780675770E+01 a       696     0    35     1    16
  8.8004820513127513E-01 a       697     0    35     1    17
  7.8271536896183953E+00 a       698     0    35     1    18
  3.5606491471544082E+01 a       699     0    35     1    19
 -3.5921053555605795E+01 a       700     0    35     1    20
  1.0473443715827782E+01 a       701     0    36     1     1
  3.1159801859147636E+00 a       702     0    36     1     2
 -1.3841516247944702E+01 a       703     0    36     1     3
 -1.1624284628405961E+01 a       704     0    36     1     4
 -2.3748422599828054E+01 a       705     0    36     1     5
  3.6087624863145384E-01 a       706     0    36     1     6
  1.4984452673640270E+01 a       707     0    36     1     7
  1.7036705110343419E+01 a       708     0    36     1     8
 -1.4068930788567165E+01 a       709     0    36     1     9
  1.3772861993951080E+01 a       710     0    36     1    10
 -1.2190377396625967E+01 a       711     0    36     1    11
 -3.2441542949289555E+00 a       712     0    36     1    12
 -2.4289265989596473E+01 a       713     0    36     1    13
 -2.1020536988599372E+00 a       714     0    36     1    14
  5.4749734764959823E-01 a       715     0    36     1    15
 -1.1582563423944908E+01 a       716     0    36     1    16
 -8.0834654269026220E+00 a       717     0    36     1    17
 -8.8708205523600050E+00 a       718     0    36     1    18
  2.9776950713555941E+00 a       719     0    36     1    19
 -8.3645903651100060E+00 a       720     0    36     1    20
 -1.0833275121820962E+00 a       721     0    37     1     1
 -1.2818979787073571E+01 a       722     0    37     1     2
  1.3007505785482870E+01 a       723     0    37     1     3
  1.6654916006997935E+00 a       724     0    37     1     4
 -6.0586320135498797E+00 a       725     0    37     1     5
 -5.5009166019219705E+01 a       726     0    37     1     6
 -4.6823255618103374E+00 a       727     0    37     1     7
  1.8479049839688507E+01 a       728     0    37     1     8
 -1.9498834445018982E+00 a       729     0    37     1     9
 -2.3941937668196360E+01 a       730     0    37     1    10
 -2.2312704645716259E+01 a       731     0    37     1    11
  2.0681264545246975E+01 a       732     0    37     1    12
 -9.8823480720331656E+00 a       733     0    37     1    13
 -6.9725836141489852E+00 a       734     0    37     1    14
 -1.9363459387652333E+00 a       735     0    37     1    15
 -1.4697988096371926E+01 a       736     0    37     1    16
  1.7048370879183765E+00 a       737     0    37     1    17
 -5.6119675145059764E+00 a       738     0    37     1    18
  1.5901039881173070E+01 a       739     0    37     1    19
  5.9547536957857305E+00 a       740     0    37     1    20
 -2.1062014213372180E+01 a       741     0    38     1     1
 -1.4480334911849019E+02 a       742     0    38     1     2
 -1.8545870713193591E+02 a       743     0    38     1     3
  1.1827269822025767E+02 a       744     0    38     1     4
  2.0314900136041022E+01 a       745     0    38     1     5
  3.2977177402811812E+01 a       746     0    38     1     6
  1.3478626462075073E+02 a       747     0    38     1     7
 -2.1342897307058655E+02 a       748     0    38     1     8
  9.1359299524238097E+01 a       749     0    38     1     9
 -1.5488557932151997E+02 a       750     0    38     1    10
 -2.5514749245066005E+02 a       751     0    38     1    11
 -1.6974899109496867E+01 a       752     0    38     1    12
  4.0127282539319782E+02 a       753     0    38     1    13
 -8.5595683403319228E+01 a       754     0    38     1    14
 -5.6744468274459834E+01 a       755     0    38     1    15
 -1.8683905453136137E+02 a       756     0    38     1    16
  1.6754673670775270E+02 a       757     0    38     1    17
  9.1101258648289658E+01 a       758     0    38     1    18
 -2.0330284572273402E+02 a       759     0    38     1    19
  4.8184258263517091E+02 a       760     0    38     1    20
 -3.5282608438751792E-02 a       761     0    39     1     1
 -1.3413026290876408E+01 a       762     0    39     1     2
 -7.2456943399910969E+00 a       763     0    39     1     3
  4.6706417874271111E+01 a       764     0    39     1     4
  1.1959449536686209E+01 a       765     0    39     1     5
  9.6148114257322732E+01 a       766     0    39     1     6
 -1.9878552472962120E+01 a       767     0    39     1     7
 -2.5537624462940485E+01 a       768     0    39     1     8
  1.5169021780302687E+01 a       769     0    39     1     9
 -4.6721190334661621E+01 a       770     0    39     1    10
  6.0378428639810593E+01 a       771     0    39     1    11
  1.0861785334350646E+01 a       772     0    39     1    12
  4.1895278107317822E+01 a       773     0    39     1    13
 -3.1622209637039944E+01 a       774     0    39     1    14
 -4.2326261571808216E-01 a       775     0    39     1    15
  1.3135588433615052E+01 a       776     0    39     1    16
  4.9935615720604616E+01 a       777     0    39     1    17
  1.5840390725384717E+01 a       778     0    39     1    18
 -2.4059887664559674E+00 a       779     0    39     1    19
 -1.7780208207085494E+01 a       780     0    39     1    20
  3.2563170173316479E+01 a       781     0    40     1     1
 -3.2918192778496852E+01 a       782     0    40     1     2
 -3.0628654228676314E+01 a       783     0    40     1     3
 -1.0253587262308461E+01 a       784     0    40     1     4
  2.2304414214142763E+01 a       785     0    40     1     5
 -1.3657414628818159E+02 a       786     0    40     1     6
 -7.5698667487060698E+00 a       787     0    40     1     7
 -2.1930431166345195E-02 a       788     0    40     1     8
  3.2365396523488165E+01 a       789     0    40     1     9
  6.3122224821940137E+01 a       790     0    40     1    10
  2.6049425470282312E+01 a       791     0    40     1    11
  2.2136965972867511E+01 a       792     0    40     1    12
  2.6759940347924196E+01 a       793     0    40     1    13
  3.5992302588067804E+00 a       794     0    40     1    14
  2.0952710707926908E+01 a       795     0    40     1    15
  1.9263280323884008E+01 a       796     0    40     1    16
  5.6808632813635548E+01 a       797     0    40     1    17
 -2.0383607740073067E+01 a       798     0    40     1    18
 -3.9281229466289439E+01 a       799     0    40     1    19
 -2.8680923698676995E+01 a       800     0    40     1    20
  7.2350000293887746E+01 a       801     0    41     1     1
  1.1488742410622139E+02 a       802     0    41     1     2
  1.0475123538712441E+02 a       803     0    41     1     3
 -2.4725844334871908E+01 a       804     0    41     1     4
  9.1265284569790268E+01 a       805     0    41     1     5
  1.0073075573711573E+02 a       806     0    41     1     6
  2.1151115951004957E+01 a       807     0    41     1     7
  8.0171265028996643E+01 a       808     0    41     1     8
  1.9273400017194035E+01 a       809     0    41     1     9
  3.4514904495987309E+01 a       810     0    41     1    10
  1.2602743141087194E+02 a       811     0    41     1    11
  1.1861722518997927E+02 a       812     0    41     1    12
 -1.2848823381291831E+02 a       813     0    41     1    13
  3.2848949170590046E+01 a       814     0    41     1    14
 -8.5198753291292106E-01 a       815     0    41     1    15
  1.3904595289982271E+02 a       816     0    41     1    16
 -7.8271570526300266E+01 a       817     0    41     1    17
 -4.3625307261148762E+01 a       818     0    41     1    18
  5.4391485044761346E+01 a       819     0    41     1    19
 -2.3544947578297163E+02 a       820     0    41     1    20
 -1.3061727062311007E+01 a       821     0    42     1     1
  2.4851630213934744E+01 a       822     0    42     1     2
 -2.2385094866332885E+01 a       823     0    42     1     3
 -4.0981884779034061E+01 a       824     0    42     1     4
 -2.6526327696174452E+01 a       825     0    42     1     5
 -3.1439408837161380E+01 a       826     0    42     1     6
  3.9231569446323135E+01 a       827     0    42     1     7
  2.7536903397328505E+01 a       828     0    42     1     8
 -1.3148195405698837E+01 a       829     0    42     1     9
  2.7117487781005980E+01 a       830     0    42     1    10
 -2.3963164895937499E+01 a       831     0    42     1    11
 -1.4602681893453253E+01 a       832     0    42     1    12
 -1.8904126334868970E+01 a       833     0    42     1    13
  1.2302339242431868E+01 a       834     0    42     1    14
 -1.7317764902490048E+01 a       835     0    42     1    15
 -1.7200743237666241E+01 a       836     0    42     1    16
 -2.9489549487724876E+01 a       837     0    42     1    17
 -4.1648299686281973E+01 a       838     0    42     1    18
  5.0801375188050324E+00 a       839     0    42     1    19
 -1.8343514698590166E+01 a       840     0    42     1    20
 -3.2478744332492425E+01 a       841     0    43     1     1
  9.4060353299535588E+00 a       842     0    43     1     2
  1.5072287645256441E+01 a       843     0    43     1     3
  1.4096957744633892E+01 a       844     0    43     1     4
 -1.6431465911948357E+00 a       845     0    43     1     5
  8.2600125956069110E+00 a       846     0    43     1     6
  8.9953574635882916E+00 a       847     0    43     1     7
  1.4831614250226096E+01 a       848     0    43     1     8
 -1.9246373536364828E+01 a       849     0    43     1     9
 -6.5861341737913577E+01 a       850     0    43     1    10
 -2.1295518953558535E+01 a       851     0    43     1    11
  9.5071727715449921E+00 a       852     0    43     1    12
  5.3580803031067523E+00 a       853     0    43     1    13
 -1.1927280229313341E+01 a       854     0    43     1    14
 -2.0860861962383389E+01 a       855     0    43     1    15
 -2.4990724140795415E+01 a       856     0    43     1    16
 -2.1731330566114373E+00 a       857     0    43     1    17
 -1.9877209966078652E+01 a       858     0    43     1    18
  4.8343562749018609E+01 a       859     0    43     1    19
  1.5342250179662935E+01 a       860     0    43     1    20
 -1.0663732127329027E+02 a       861     0    44     1     1
 -2.1168147936754153E+02 a       862     0    44     1     2
 -1.8386602709885787E+02 a       863     0    44     1     3
  4.0645833697169699E+01 a       864     0    44     1     4
 -1.2286373748032162E+02 a       865     0    44     1     5
  4.9208195260714483E+01 a       866     0    44     1     6
  3.6804341937962199E+01 a       867     0    44     1     7
 -2.2989599359614300E+02 a       868     0    44     1     8
  2.6157323838067644E+01 a       869     0    44     1     9
 -1.1024325665244041E+02 a       870     0    44     1    10
 -3.7643393982520416E+02 a       871     0    44     1    11
 -1.1138151823768474E+02 a       872     0    44     1    12
  3.0891507818742599E+02 a       873     0    44     1    13
 -1.4267101571679521E+02 a       874     0    44     1    14
 -8.8906592117301120E+00 a       875     0    44     1    15
 -2.5379934896903691E+02 a       876     0    44     1    16
  4.8431853560457078E+01 a       877     0    44     1    17
  1.9428487537341380E+02 a       878     0    44     1    18
 -1.3614639373948506E+02 a       879     0    44     1    19
  5.0114447334575749E+02 a       880     0    44     1    20
  4.4080627034787820E+00 a       881     0    45     1     1
 -3.5171841173380045E+01 a       882     0    45     1     2
 -2.2832530811932363E+00 a       883     0    45     1     3
  6.0138848051088232E+01 a       884     0    45     1     4
  2.3740523054599770E+01 a       885     0    45     1     5
  7.9853990980899937E+01 a       886     0    45     1     6
 -3.6134642622734006E+01 a       887     0    45     1     7
 -6.4870919795627884E+01 a       888     0    45     1     8
  3.9720121594666176E+00 a       889     0    45     1     9
 -5.6623766590453293E+01 a       890     0    45     1    10
  6.6593493401425604E+01 a       891     0    45     1    11
  2.1830466570945365E+01 a       892     0    45     1    12
  5.3469064390610065E+01 a       893     0    45     1    13
 -2.7521711721209780E+01 a       894     0    45     1    14
  1.8858262526258827E+01 a       895     0    45     1    15
  2.4427446090168587E+01 a       896     0    45     1    16
  5.3153869218846495E+01 a       897     0    45     1    17
  4.9907104160043346E+01 a       898     0    45     1    18
 -2.6027680499442591E+00 a       899     0    45     1    19
 -3.5648072166561446E+00 a       900     0    45     1    20
  5.6246245794107367E+01 a       901     0    46     1     1
 -6.5614363762143213E+01 a       902     0    46     1     2
 -2.0581643013076526E+01 a       903     0    46     1     3
 -1.5574981270209426E+01 a       904     0    46     1     4
  2.5098920670493314E+01 a       905     0    46     1     5
 -1.8841364402070394E+02 a       906     0    46     1     6
 -2.8456186935715074E+01 a       907     0    46     1     7
 -5.1951251645839726E+01 a       908     0    46     1     8
  1.7615661104433148E+01 a       909     0    46     1     9
  9.3366318791004815E+01 a       910     0    46     1    10
  7.0927555898866231E+01 a       911     0    46     1    11
 -6.1471805290554897E+01 a       912     0    46     1    12
  6.2960687510840954E+00 a       913     0    46     1    13
  7.7147211307126229E+00 a       914     0    46     1    14
  3.6337354613987614E+01 a       915     0    46     1    15
  3.5327231684432540E+01 a       916     0    46     1    16
  3.0059607611578055E+01 a       917     0    46     1    17
  3.5441175133389244E+01 a       918     0    46     1    18
 -5.9613244610358073E+01 a       919     0    46     1    19
 -3.7299787075297246E+01 a       920     0    46     1    20
 -4.2953402957328805E+01 a       921     0    47     1     1
 -1.0733004304248648E+02 a       922     0    47     1     2
 -2.2489262352317695E+01 a       923     0    47     1     3
  3.6893220318179214E+00 a       924     0    47     1     4
  1.3604183301766350E+01 a       925     0    47     1     5
  7.7773002163394009E+00 a       926     0    47     1     6
 -6.9419118962934164E+01 a       927     0    47     1     7
 -5.3328131491427861E+01 a       928     0    47     1     8
  2.9924715352103842E+01 a       929     0    47     1     9
 -1.9950588255687176E+01 a       930     0    47     1    10
 -4.6608165688408945E+01 a       931     0    47     1    11
 -4.9932617940160597E+01 a       932     0    47     1    12
  5.3301264380766739E+01 a       933     0    47     1    13
 -2.1263214781578615E+01 a       934     0    47     1    14
 -4.0599580716017691E+01 a       935     0    47     1    15
 -6.9388448916277781E+01 a       936     0    47     1    16
 -9.0817478123630713E-01 a       937     0    47     1    17
 -1.8186506034075016E+01 a       938     0    47     1    18
 -5.2695568313980750E+01 a       939     0    47     1    19
  4.7023795437106266E+01 a       940     0    47     1    20
 -5.4203877234524160E+00 a       941     0    48     1     1
 -2.3724557693249442E+00 a       942     0    48     1     2
  1.0976059783831298E+01 a       943     0    48     1     3
  1.0627676936458947E+01 a       944     0    48     1     4
  2.2996543068197884E+01 a       945     0    48     1     5
 -1.3025363194603749E+01 a       946     0    48     1     6
 -1.8249100888999067E+01 a       947     0    48     1     7
 -1.2897935683873227E+01 a       948     0    48     1     8
  1.8445683685524930E+01 a       949     0    48     1     9
 -1.5099013988830349E+01 a       950     0    48     1    10
  1.1586118803341853E+01 a       951     0    48     1    11
  4.8500750076621895E+00 a       952     0    48     1    12
  2.1241869717796465E+01 a       953     0    48     1    13
 -9.7476740103180459E-01 a       954     0    48     1    14
 -1.9150376359458574E+00 a       955     0    48     1    15
  6.7958363391072014E+00 a       956     0    48     1    16
  9.4212900193384179E+00 a       957     0    48     1    17
  3.4996723260916385E+00 a       958     0    48     1    18
 -5.3593056492061084E+00 a       959     0    48     1    19
  1.5213172842191660E+00 a       960     0    48     1    20
  2.3847565028869719E+00 a       961     0    49     1     1
  1.4339826506206936E+01 a       962     0    49     1     2
 -1.7903269760615704E+01 a       963     0    49     1     3
 -2.6751678771438097E+00 a       964     0    49     1     4
  6.3238285844505064E+00 a       965     0    49     1     5
  2.7731908370398600E+01 a       966     0    49     1     6
  4.4865706495987263E+00 a       967     0    49     1     7
 -1.2197115626727090E+01 a       968     0    49     1     8
  6.1219826619929849E+00 a       969     0    49     1     9
  2.3781685591033654E+01 a       970     0    49     1    10
  1.9676810421972878E+01 a       971     0    49     1    11
 -5.3269523371735392E+00 a       972     0    49     1    12
  7.5064120670634136E+00 a       973     0    49     1    13
  5.3043115104854950E+00 a       974     0    49     1    14
  1.5428355679821746E+00 a       975     0    49     1    15
  1.0985993911428833E+01 a       976     0    49     1    16
  3.5387730331147651E+00 a       977     0    49     1    17
 -6.4554104074307110E+00 a       978     0    49     1    18
 -1.7772175842903774E+01 a       979     0    49     1    19
 -6.9179585208835679E+00 a       980     0    49     1    20
  6.3200812945643875E+01 a       981     0    50     1     1
  1.8391761391346134E+02 a       982     0    50     1     2
  1.0219411502673120E+02 a       983     0    50     1     3
 -4.2893273822676285E+01 a       984     0    50     1     4
 -1.9054907840841739E+01 a       985     0    50     1     5
 -7.7832288454174147E+01 a       986     0    50     1     6
 -2.8622704604881317E+01 a       987     0    50     1     7
  1.6743964279555169E+02 a       988     0    50     1     8
 -1.9046255519271067E+01 a       989     0    50     1     9
  1.0039091090915086E+02 a       990     0    50     1    10
  2.5627461840008203E+02 a       991     0    50     1    11
  7.2580418611830765E+01 a       992     0    50     1    12
 -2.3712484835954888E+02 a       993     0    50     1    13
  7.1091988903181132E+01 a       994     0    50     1    14
  2.5862419168033572E+01 a       995     0    50     1    15
  1.3773478341462976E+02 a       996     0    50     1    16
 -1.0913643676482866E+02 a       997     0    50     1    17
 -1.2917772274983204E+02 a       998     0    50     1    18
  8.0449002227490283E+01 a       999     0    50     1    19
 -4.0528690366376418E+02 a      1000     0    50     1    20
  8.8654021910498884E+00 a      1001     0    51     1     1
  1.4910042062704321E+01 a      1002     0    51     1     2
  4.1657116744768112E+00 a      1003     0    51     1     3
 -4.4832857490382054E+01 a      1004     0    51     1     4
 -1.3889938940532156E+01 a      1005     0    51     1     5
 -1.3528628260835811E+02 a      1006     0    51     1     6
  1.2876253013141881E+01 a      1007     0    51     1     7
  3.2905471682287484E+01 a      1008     0    51     1     8
 -1.0840919562330897E+00 a      1009     0    51     1     9
  3.7075454441394214E+01 a      1010     0    51     1    10
 -5.0123115077418191E+01 a      1011     0    51     1    11
 -4.7626298391506428E+00 a      1012     0    51     1    12
 -4.0670820570700471E+01 a      1013     0    51     1    13
  1.9545864366457856E+01 a      1014     0    51     1    14
 -1.5902936462287036E+00 a      1015     0    51     1    15
 -2.0428342432455345E+01 a      1016     0    51     1    16
 -4.0497733414714503E+01 a      1017     0    51     1    17
 -3.3675613350865476E+01 a      1018     0    51     1    18
 -8.3866749207140927E+00 a      1019     0    51     1    19
 -5.1863127245814966E-01 a      1020     0    51     1    20
 -2.9104608182261611E+01 a      1021     0    52     1     1
  4.1565954100959516E+01 a      1022     0    52     1     2
  1.1513795188524695E+01 a      1023     0    52     1     3
 -1.7069468821155884E+00 a      1024     0    52     1     4
 -1.9868481362679262E+01 a      1025     0    52     1     5
  7.3410504912432259E+01 a      1026     0    52     1     6
  1.0622687060094254E+01 a      1027     0    52     1     7
  2.9902929932002344E+01 a      1028     0    52     1     8
 -5.0403149022121969E+00 a      1029     0    52     1     9
 -6.0024921778948190E+01 a      1030     0    52     1    10
 -4.0723085166638974E+01 a      1031     0    52     1    11
  5.3033294941396271E+01 a      1032     0    52     1    12
 -1.1521564981243960E+01 a      1033     0    52     1    13
 -1.5007655163894400E+01 a      1034     0    52     1    14
 -2.0399418014446283E+01 a      1035     0    52     1    15
 -2.8239664666657440E+01 a      1036     0    52     1    16
 -2.4672651998247616E+01 a      1037     0    52     1    17
 -2.9141012396515059E+01 a      1038     0    52     1    18
  2.4761374941770072E+01 a      1039     0    52     1    19
  1.8147317316209833E+01 a      1040     0    52     1    20
  2.5299529540949348E+00 b      1041     1     1
 -3.3351085012526954E-01 b      1042     1     2
  1.9393928268364211E-01 b      1043     1     3
 -8.8937658295522026E-02 b      1044     1     4
 -3.5665385543916517E+00 b      1045     1     5
 -1.0132382577897177E+01 b      1046     1     6
 -1.4734364058757314E+00 b      1047     1     7
  4.6481273393334738E-01 b      1048     1     8
  9.3082532752842184E-01 b      1049     1     9
  2.4090546291223927E+00 b      1050     1    10
  3.6170602041614286E-01 b      1051     1    11
 -2.6581831955220521E+00 b      1052     1    12
 -1.6350432940693007E+00 b      1053     1    13
 -2.5188474998221824E+00 b      1054     1    14
 -3.5261869944611224E+00 b      1055     1    15
 -6.1767604805833909E-01 b      1056     1    16
 -2.4992917510199599E+00 b      1057     1    17
 -2.0479396031021722E+00 b      1058     1    18
 -9.1812080359930193E-01 b      1059     1    19
 -1.5939717000289695E+00 b      1060     1    20
 -1.3373892888812193E+00 a      1061     1     1     2     1
  6.2491214649643090E-01 a      1062     1     1     2     2
 -2.3287413474979984E-01 a      1063     1     1     2     3
 -2.0981366503106631E-02 a      1064     1     1     2     4
  2.5127239459363921E-02 a      1065     1     1     2     5
  2.1420432457188263E+00 a      1066     1     1     2     6
 -4.5580104265496546E-01 a      1067     1     1     2     7
 -3.2572688145777884E-01 a      1068     1     1     2     8
 -1.2480087455340834E-02 a      1069     1     1     2     9
  6.0263816286923511E-02 a      1070     1     1     2    10
 -2.5590683918160295E-01 a      1071     1     1     2    11
 -1.8180182189075336E-01 a      1072     1     1     2    12
  2.7879248938279366E-02 a      1073     1     1     2    13
  8.9356804636547812E-02 a      1074     1     1     2    14
 -1.7385260998790725E-01 a      1075     1     1     2    15
  2.3390637640610992E-01 a      1076     1     1     2    16
 -7.1278959758866645E-01 a      1077     1     1     2    17
 -2.3040512942586566E-01 a      1078     1     1     2    18
 -7.9246135804243389E-01 a      1079     1     1     2    19
  9.3510949925585979E-02 a      1080     1     1     2    20
 -7.8827461456627043E-02 a      1081     1     2     2     1
 -1.4341015994745060E-01 a      1082     1     2     2     2
  1.3026164286644628E+00 a      1083     1     2     2     3
 -2.4746292199671238E+00 a      1084     1     2     2     4
  3.8837066020674449E-01 a      1085     1     2     2     5
  1.7861196874312895E+00 a      1086     1     2     2     6
  1.8994610816571056E+00 a      1087     1     2     2     7
 -1.1137322983908760E+00 a      1088     1     2     2     8
  2.7655546765131374E+00 a      1089     1     2     2     9
  1.5410745213452446E+00 a      1090     1     2     2    10
  1.4734592179460138E+00 a      1091     1     2     2    11
  5.7033919741320480E-02 a      1092     1     2     2    12
  7.1611114969836198E-01 a      1093     1     2     2    13
  8.7388405077912323E-01 a      1094     1     2     2    14
  1.6747999320317373E+00 a      1095     1     2     2    15
  6.0715037189568966E-01 a      1096     1     2     2    16
  2.9033308419366968E+00 a      1097     1     2     2    17
 -1.2075768313748190E+00 a      1098     1     2     2    18
 -5.8890062866137771E-01 a      1099     1     2     2    19
 -2.1937092836092380E+00 a      1100     1     2     2    20
  8.7146570883166175E-01 a      1101     1     3     2     1
 -5.8520158246664333E-01 a      1102     1     3     2     2
 -4.9877233415420602E-01 a      1103     1     3     2     3
 -1.0042909673052432E-01 a      1104     1     3     2     4
  4.6445227155861529E-01 a      1105     1     3     2     5
 -3.3598614480996664E-01 a      1106     1     3     2     6
  6.5177259523837391E-02 a      1107     1     3     2     7
 -2.2601677732836392E-01 a      1108     1     3     2     8
 -4.9742497800629670E-01 a      1109     1     3     2     9
 -3.6447779913638284E-01 a      1110     1     3     2    10
  6.3543391450703834E-01 a      1111     1     3     2    11
  7.7553478797822051E-01 a      1112     1     3     2    12
 -8.8926923234520028E-01 a      1113     1     3     2    13
 -1.9383669550122837E-01 a      1114     1     3     2    14
  1.7232492421535022E+00 a      1115     1     3     2    15
  7.8795616978202354E-01 a      1116     1     3     2    16
 -6.3058823567893163E-01 a      1117     1     3     2    17
 -3.4546568350317517E+00 a      1118     1     3     2    18
 -1.1841916092205780E+00 a      1119     1     3     2    19
  4.5891268513931438E-02 a      1120     1     3     2    20
 -6.6334514491858976E-01 a      1121     1     4     2     1
 -1.7532782861554483E+00 a      1122     1     4     2     2
 -9.1238891191312033E-01 a      1123     1     4     2     3
 -5.4400659149206643E-01 a      1124     1     4     2     4
  9.5634338000132113E-01 a      1125     1     4     2     5
  1.7882622970038182E+00 a      1126     1     4     2     6
 -4.3895853200862051E-01 a      1127     1     4     2     7
  2.9965077911918270E-01 a      1128     1     4     2     8
  9.4740796153248641E-01 a      1129     1     4     2     9
  2.1776221470125261E+00 a      1130     1     4     2    10
 -2.4483150733257211E+00 a      1131     1     4     2    11
  4.4957095986585843E-01 a      1132     1     4     2    12
  1.5159175400860372E+00 a      1133     1     4     2    13
 -5.1307155959410666E-01 a      1134     1     4     2    14
  1.9802321740961644E+00 a      1135     1     4     2    15
 -2.2239844128086368E+00 a      1136     1     4     2    16
  9.0252439230137205E-02 a      1137     1     4     2    17
 -1.0083219841977056E+00 a      1138     1     4     2    18
 -2.8105633770013833E-01 a      1139     1     4     2    19
  4.4730212009119275E-01 a      1140     1     4     2    20
 -2.6560038526002709E+00 a      1141     1     5     2     1
  3.9876874205813091E+00 a      1142     1     5     2     2
  4.6066686687907641E+00 a      1143     1     5     2     3
  3.2983081892385542E+00 a      1144     1     5     2     4
 -2.7842354835169050E+00 a      1145     1     5     2     5
  3.1665200797755664E+00 a      1146     1     5     2     6
 -5.9806865897908699E+00 a      1147     1     5     2     7
 -2.0308664290038534E+00 a      1148     1     5     2     8
  3.5921787194739832E+00 a      1149     1     5     2     9
 -2.6962767353456235E-01 a      1150     1     5     2    10
 -4.2005296682807730E-01 a      1151     1     5     2    11
 -3.6280938196732326E+00 a      1152     1     5     2    12
  3.9329428256574448E+00 a      1153     1     5     2    13
  6.8466619886462543E-01 a      1154     1     5     2    14
 -6.4577571471627782E-01 a      1155     1     5     2    15
  4.0816218789374421E+00 a      1156     1     5     2    16
 -3.1950566192664338E+00 a      1157     1     5     2    17
 -1.0049791764747436E+00 a      1158     1     5     2    18
 -2.5820247282678566E-01 a      1159     1     5     2    19
 -2.5775630572987440E+00 a      1160     1     5     2    20
 -6.2084669850967014E-03 a      1161     1     6     2     1
  7.8894357356885203E-01 a      1162     1     6     2     2
 -1.2497107583655673E-01 a      1163     1     6     2     3
  2.5961887785448295E-01 a      1164     1     6     2     4
  1.5606274550528214E+00 a      1165     1     6     2     5
 -5.8125473126144389E-01 a      1166     1     6     2     6
  9.8863188079920339E-01 a      1167     1     6     2     7
 -1.5582070415353383E-01 a      1168     1     6     2     8
 -3.9512466554662568E-01 a      1169     1     6     2     9
 -3.5756285943681854E-01 a      1170     1     6     2    10
 -4.8851169315513823E-02 a      1171     1     6     2    11
  1.0857371974933654E+00 a      1172     1     6     2    12
  3.6213331058210313E-01 a      1173     1     6     2    13
  5.4875217961671274E-01 a      1174     1     6     2    14
 -2.4523888345331541E+00 a      1175     1     6     2    15
 -4.8835464626562403E-01 a      1176     1     6     2    16
 -9.9896367342734516E-01 a      1177     1     6     2    17
 -6.4236142679813835E-01 a      1178     1     6     2    18
  1.3073796998699465E+00 a      1179     1     6     2    19
  1.8857084570591043E+00 a      1180     1     6     2    20
  3.7074955084349548E-01 a      1181     1     7     2     1
  3.4934928313801081E+00 a      1182     1     7     2     2
  2.6461755344922673E+00 a      1183     1     7     2     3
  1.3358061684384706E+00 a      1184     1     7     2     4
 -6.1998743258683850E+00 a      1185     1     7     2     5
 -1.3136509121435889E+00 a      1186     1     7     2     6
 -1.5578032763028473E+00 a      1187     1     7     2     7
  7.7128864970720068E-01 a      1188     1     7     2     8
 -2.4575999199503831E+00 a      1189     1     7     2     9
 -7.3498162841494907E-01 a      1190     1     7     2    10
 -5.7609081795089634E-01 a      1191     1     7     2    11
 -6.5291534942411145E-01 a      1192     1     7     2    12
  6.6809827243915598E-02 a      1193     1     7     2    13
  1.3639403130020056E+00 a      1194     1     7     2    14
 -2.6143531374670265E-01 a      1195     1     7     2    15
 -2.3081455635880097E+00 a      1196     1     7     2    16
 -1.3100446179044248E-01 a      1197     1     7     2    17
  7.8249763239907710E-01 a      1198     1     7     2    18
  1.1940284466349287E+00 a      1199     1     7     2    19
 -1.8628850102275546E-01 a      1200     1     7     2    20
 -3.2221016159334120E-01 a      1201     1     8     2     1
  9.1659552884822904E-01 a      1202     1     8     2     2
 -1.4836268180797600E+00 a      1203     1     8     2     3
 -3.5839546830044905E-01 a      1204     1     8     2     4
 -2.6571791128733052E-01 a      1205     1     8     2     5
  3.7182450203236794E-01 a      1206     1     8     2     6
 -1.4482139505462284E+00 a      1207     1     8     2     7
  3.0822229485281499E-01 a      1208     1     8     2     8
  1.8916526956568314E+00 a      1209     1     8     2     9
 -7.9558364243977697E-01 a      1210     1     8     2    10
 -1.6130767120983339E-01 a      1211     1     8     2    11
  4.6044099016932301E-02 a      1212     1     8     2    12
  7.4692658002523105E-01 a      1213     1     8     2    13
 -1.3298744015165342E+00 a      1214     1     8     2    14
 -4.6752025723338386E-01 a      1215     1     8     2    15
  2.7791189692303375E-01 a      1216     1     8     2    16
 -1.0280414865384815E+00 a      1217     1     8     2    17
 -3.5805415349626593E+00 a      1218     1     8     2    18
  8.3562288084998715E-02 a      1219     1     8     2    19
  8.4566563623666269E-01 a      1220     1     8     2    20
 -5.1745287084229552E-01 a      1221     1     9     2     1
 -1.9034146870481436E+00 a      1222     1     9     2     2
  1.5312841823815075E+00 a      1223     1     9     2     3
  5.1881881809224828E-01 a      1224     1     9     2     4
  7.9632258275322343E-01 a      1225     1     9     2     5
  2.7385402504534689E-01 a      1226     1     9     2     6
 -1.0051042962383196E+00 a      1227     1     9     2     7
 -5.4847219826815485E-01 a      1228     1     9     2     8
 -9.3598088988352521E-02 a      1229     1     9     2     9
 -7.5748643270326033E-01 a      1230     1     9     2    10
  1.5557847158038904E+00 a      1231     1     9     2    11
  8.6602394268102423E-01 a      1232     1     9     2    12
 -5.7893092155352699E-01 a      1233     1     9     2    13
  1.5616376254472994E+00 a      1234     1     9     2    14
  6.4387021181494619E-01 a      1235     1     9     2    15
 -2.1078979016345869E+00 a      1236     1     9     2    16
  1.3087266770550940E+00 a      1237     1     9     2    17
 -1.2408727244905824E+00 a      1238     1     9     2    18
  1.1124576661962604E+00 a      1239     1     9     2    19
  5.7133465767975133E-01 a      1240     1     9     2    20
 -1.0216347980144619E-01 a      1241     1    10     2     1
 -7.8453200106030629E-01 a      1242     1    10     2     2
 -3.8839351640380138E-01 a      1243     1    10     2     3
  1.2362933454028899E-01 a      1244     1    10     2     4
 -5.4606024386061813E-01 a      1245     1    10     2     5
  1.2606175136808220E-01 a      1246     1    10     2     6
 -5.6074743873434918E-01 a      1247     1    10     2     7
 -5.8523504583049613E-01 a      1248     1    10     2     8
 -4.9342713684308454E-02 a      1249     1    10     2     9
 -2.6256722819173923E-02 a      1250     1    10     2    10
 -9.3735600968465199E-02 a      1251     1    10     2    11
 -4.9073626714581448E-01 a      1252     1    10     2    12
 -5.9246957308568304E-01 a      1253     1    10     2    13
  1.8249245703468941E-01 a      1254     1    10     2    14
 -1.0773242069483835E-01 a      1255     1    10     2    15
  3.8890899276151342E-01 a      1256     1    10     2    16
  1.0149879781165436E+00 a      1257     1    10     2    17
 -1.1477531698835763E+00 a      1258     1    10     2    18
  2.0301946624393818E-01 a      1259     1    10     2    19
  1.4548684447698570E+00 a      1260     1    10     2    20
 -7.2551009183095250E-01 a      1261     1    11     2     1
  8.4541723595186313E-01 a      1262     1    11     2     2
 -1.1418915666085316E+00 a      1263     1    11     2     3
 -5.1685720882717934E-01 a      1264     1    11     2     4
 -1.1881009006705903E+00 a      1265     1    11     2     5
  9.7629500250843027E-01 a      1266     1    11     2     6
 -9.8426927659884877E-01 a      1267     1    11     2     7
 -5.5558083865336139E-01 a      1268     1    11     2     8
  2.0730460112761864E-01 a      1269     1    11     2     9
 -1.6232275168298578E+00 a      1270     1    11     2    10
 -6.0176758700349153E-01 a      1271     1    11     2    11
  3.0784271749063102E-01 a      1272     1    11     2    12
 -1.7839951437684161E+00 a      1273     1    11     2    13
 -1.1045322299868268E+00 a      1274     1    11     2    14
  1.1724529801064023E+00 a      1275     1    11     2    15
  1.5086975293378317E+00 a      1276     1    11     2    16
 -3.4605090834920804E-01 a      1277     1    11     2    17
 -1.4208594377270229E+00 a      1278     1    11     2    18
 -8.7033669469966535E-01 a      1279     1    11     2    19
  1.5330179345750985E+00 a      1280     1    11     2    20
  7.0929102233168811E-02 a      1281     1    12     2     1
 -4.2090160411216038E-01 a      1282     1    12     2     2
  3.9730967734304867E-01 a      1283     1    12     2     3
 -6.2499042808608507E-01 a      1284     1    12     2     4
 -1.0850651780399503E+00 a      1285     1    12     2     5
 -9.1399168677526177E-01 a      1286     1    12     2     6
 -2.4466628761050431E+00 a      1287     1    12     2     7
 -1.8205354314698248E+00 a      1288     1    12     2     8
 -1.2007938117150223E+00 a      1289     1    12     2     9
  6.4792122870728319E-01 a      1290     1    12     2    10
 -4.5042830822608926E-01 a      1291     1    12     2    11
  1.6281258335810991E-01 a      1292     1    12     2    12
 -1.4645613968246782E+00 a      1293     1    12     2    13
 -2.8787089970609214E+00 a      1294     1    12     2    14
 -1.0899507569033271E+00 a      1295     1    12     2    15
  1.4402060228833943E-01 a      1296     1    12     2    16
  1.9394561646806283E-01 a      1297     1    12     2    17
 -1.0778566748637413E+00 a      1298     1    12     2    18
  8.2151018029946510E-02 a      1299     1    12     2    19
  5.8408922899711435E-01 a      1300     1    12     2    20
 -1.5071755787241370E+00 a      1301     1    13     2     1
  1.3754592559826562E+00 a      1302     1    13     2     2
 -7.7059282706717125E-01 a      1303     1    13     2     3
  1.4301951754129743E+00 a      1304     1    13     2     4
 -1.0855389398359325E+00 a      1305     1    13     2     5
  1.0673740278010933E+00 a      1306     1    13     2     6
  1.6742209502652099E+00 a      1307     1    13     2     7
  2.7110051917718064E-01 a      1308     1    13     2     8
 -1.1177537593946560E-01 a      1309     1    13     2     9
 -1.0572470649832331E+00 a      1310     1    13     2    10
 -3.3107704153319945E-01 a      1311     1    13     2    11
 -2.1915933698174445E-01 a      1312     1    13     2    12
  1.3483733492219565E+00 a      1313     1    13     2    13
 -1.6166194063315971E+00 a      1314     1    13     2    14
 -3.8047762336724373E+00 a      1315     1    13     2    15
  8.9154950060878269E-01 a      1316     1    13     2    16
 -1.1621182305478195E+00 a      1317     1    13     2    17
  2.4774614017681644E+00 a      1318     1    13     2    18
 -6.1830911485081708E-01 a      1319     1    13     2    19
  1.9102396703823425E+00 a      1320     1    13     2    20
  3.8297147666382791E-01 a      1321     1    14     2     1
 -1.2137766539427648E+00 a      1322     1    14     2     2
 -2.6399747586492737E+00 a      1323     1    14     2     3
 -6.0959834765941112E+00 a      1324     1    14     2     4
 -4.2157766935196852E+00 a      1325     1    14     2     5
  1.4764328133417393E+00 a      1326     1    14     2     6
  7.7283574742644523E-01 a      1327     1    14     2     7
 -8.1828687610288686E-01 a      1328     1    14     2     8
 -5.8945019290107337E-01 a      1329     1    14     2     9
 -5.1575428123091447E+00 a      1330     1    14     2    10
 -8.3684744718617365E-02 a      1331     1    14     2    11
  2.0672437288263183E+00 a      1332     1    14     2    12
 -3.4707267929242005E+00 a      1333     1    14     2    13
 -2.1569788713838181E+00 a      1334     1    14     2    14
  4.1328628732869666E+00 a      1335     1    14     2    15
  2.1502706718420530E+00 a      1336     1    14     2    16
 -2.7677329414377101E+00 a      1337     1    14     2    17
 -9.4936986784707689E-01 a      1338     1    14     2    18
 -4.0463363856071544E+00 a      1339     1    14     2    19
 -7.8466963030076942E-01 a      1340     1    14     2    20
  3.6863548472607749E-01 a      1341     1    15     2     1
 -3.8878160606474160E-01 a      1342     1    15     2     2
 -4.9553906792162916E+00 a      1343     1    15     2     3
 -1.5542913473215240E+01 a      1344     1    15     2     4
  1.9512068202301460E+00 a      1345     1    15     2     5
  3.3596588203528959E+00 a      1346     1    15     2     6
  3.5435542808426814E+00 a      1347     1    15     2     7
  2.0371520301282651E+00 a      1348     1    15     2     8
  4.7422968793591300E+00 a      1349     1    15     2     9
  4.8883937834892852E-02 a      1350     1    15     2    10
 -3.2592785712554256E-01 a      1351     1    15     2    11
 -3.6770638410090024E+00 a      1352     1    15     2    12
  4.9873057356149925E-01 a      1353     1    15     2    13
 -9.0626881570988027E-01 a      1354     1    15     2    14
 -5.5108102191121722E+00 a      1355     1    15     2    15
  2.2549997273790772E+00 a      1356     1    15     2    16
 -2.1113322778522741E+00 a      1357     1    15     2    17
  1.2626239266889006E+00 a      1358     1    15     2    18
 -2.9938142669843126E-01 a      1359     1    15     2    19
 -4.3749095512880154E-01 a      1360     1    15     2    20
  6.4704640441505024E-01 a      1361     1    16     2     1
 -2.0881821235340383E+00 a      1362     1    16     2     2
 -2.0955732215293335E+00 a      1363     1    16     2     3
  2.2137011483091689E+00 a      1364     1    16     2     4
 -1.1761604910664942E+00 a      1365     1    16     2     5
  5.4853967800729531E-01 a      1366     1    16     2     6
 -4.4552959977638071E+00 a      1367     1    16     2     7
  6.9491778593391629E-01 a      1368     1    16     2     8
 -1.4661496687944142E+00 a      1369     1    16     2     9
  1.4861109216463082E+00 a      1370     1    16     2    10
 -1.5944260963624948E+00 a      1371     1    16     2    11
 -2.2012207617560167E+00 a      1372     1    16     2    12
  1.2228725152620201E+00 a      1373     1    16     2    13
  2.2352648124708885E-02 a      1374     1    16     2    14
 -1.5568674347349727E+00 a      1375     1    16     2    15
  1.2841073690208951E-01 a      1376     1    16     2    16
 -2.1442701162566657E+00 a      1377     1    16     2    17
  9.3107500391970507E-02 a      1378     1    16     2    18
 -1.4468940505996273E+00 a      1379     1    16     2    19
  3.7632087845503681E-01 a      1380     1    16     2    20
  6.2513379902602939E-01 a      1381     1    17     2     1
  2.9164025834102658E-01 a      1382     1    17     2     2
 -3.7257558007611915E+00 a      1383     1    17     2     3
 -2.5253697755915960E-01 a      1384     1    17     2     4
  1.5727756273635343E+00 a      1385     1    17     2     5
 -1.7353629624562794E+00 a      1386     1    17     2     6
  4.2300340766231925E-01 a      1387     1    17     2     7
  7.8616183525336739E-02 a      1388     1    17     2     8
 -3.8486844871634412E-01 a      1389     1    17     2     9
  5.1142395562750331E-01 a      1390     1    17     2    10
 -2.0337808221706672E+00 a      1391     1    17     2    11
  2.6472518790735378E-01 a      1392     1    17     2    12
 -2.5057404888254109E-01 a      1393     1    17     2    13
 -4.6140958590781433E-01 a      1394     1    17     2    14
 -2.0781876581710272E+00 a      1395     1    17     2    15
 -1.3852875252359997E+00 a      1396     1    17     2    16
  1.1032983612191007E+00 a      1397     1    17     2    17
  8.1522175609108238E-01 a      1398     1    17     2    18
  7.9772414900654087E-01 a      1399     1    17     2    19
 -4.8569014201113764E-01 a      1400     1    17     2    20
  1.5101421843353136E-01 a      1401     1    18     2     1
  8.9727423916212645E-01 a      1402     1    18     2     2
 -1.2713082035105012E+00 a      1403     1    18     2     3
 -2.8462233894074340E-01 a      1404     1    18     2     4
 -1.7249053302529314E+00 a      1405     1    18     2     5
 -1.2502787145911531E+00 a      1406     1    18     2     6
  2.8881197925413833E+00 a      1407     1    18     2     7
  1.7499345228543497E-01 a      1408     1    18     2     8
  7.2123541444441230E-01 a      1409     1    18     2     9
 -1.5527812043020475E+00 a      1410     1    18     2    10
  4.7061896781816187E-02 a      1411     1    18     2    11
  1.9866737163993418E+00 a      1412     1    18     2    12
 -1.7094803445796731E+00 a      1413     1    18     2    13
 -4.3293436101079319E-01 a      1414     1    18     2    14
 -1.6755584879020697E+00 a      1415     1    18     2    15
 -2.3801976703631195E-01 a      1416     1    18     2    16
  9.9771011959976619E-01 a      1417     1    18     2    17
 -1.4363348638634617E+00 a      1418     1    18     2    18
  8.9016448069255871E-01 a      1419     1    18     2    19
 -3.4940494313149495E-01 a      1420     1    18     2    20
  1.4715382989007258E-01 a      1421     1    19     2     1
 -1.8763112661227224E+00 a      1422     1    19     2     2
  3.9424347481102018E+00 a      1423     1    19     2     3
  2.8099831452858011E+00 a      1424     1    19     2     4
 -5.5045576423779226E+00 a      1425     1    19     2     5
  1.2294390817531453E-01 a      1426     1    19     2     6
 -2.0972742008973642E+00 a      1427     1    19     2     7
  1.2073153858160810E+00 a      1428     1    19     2     8
 -8.4448256752369921E-01 a      1429     1    19     2     9
  4.1838685784033179E-02 a      1430     1    19     2    10
  1.8378461585920005E+00 a      1431     1    19     2    11
 -1.5327952046246243E+00 a      1432     1    19     2    12
  9.3198792791797921E-02 a      1433     1    19     2    13
  4.6403780082435260E+00 a      1434     1    19     2    14
 -1.0722315323414289E+00 a      1435     1    19     2    15
  5.8914722683091336E-01 a      1436     1    19     2    16
  1.3586007358767624E+00 a      1437     1    19     2    17
  3.8069048843502779E-01 a      1438     1    19     2    18
 -2.5890273100640431E+00 a      1439     1    19     2    19
  2.6228522702516859E+00 a      1440     1    19     2    20
 -9.0261959172645523E-01 a      1441     1    20     2     1
  1.7221918037904129E+00 a      1442     1    20     2     2
 -5.5720316190600405E-01 a      1443     1    20     2     3
  4.5154656083603195E-01 a      1444     1    20     2     4
  2.6365593695605085E+00 a      1445     1    20     2     5
  6.9251226336574501E-01 a      1446     1    20     2     6
  1.3676233934899491E+00 a      1447     1    20     2     7
 -2.3014534022907063E-01 a      1448     1    20     2     8
  9.1097474660979083E-01 a      1449     1    20     2     9
  2.3561213593774539E+00 a      1450     1    20     2    10
  1.1033830242830216E+00 a      1451     1    20     2    11
  1.9659851966129434E+00 a      1452     1    20     2    12
  2.7464945131654153E+00 a      1453     1    20     2    13
 -1.8290249168791555E+00 a      1454     1    20     2    14
 -3.5863677108779185E-01 a      1455     1    20     2    15
 -2.7524641490298946E-01 a      1456     1    20     2    16
  2.3988879294447720E+00 a      1457     1    20     2    17
 -1.7014044793322727E+00 a      1458     1    20     2    18
  1.7174653476674082E+00 a      1459     1    20     2    19
 -1.3782448532128062E+00 a      1460     1    20     2    20
  3.0650683039390092E+00 b      1461     2     1
  1.1552818582805140E+00 b      1462     2     2
  3.7513155831397067E+00 b      1463     2     3
 -4.1415243566885435E-01 b      1464     2     4
  3.4064208692192666E-01 b      1465     2     5
 -6.0574966481456096E+00 b      1466     2     6
  9.0927148851394133E+00 b      1467     2     7
  1.0046065906514954E+00 b      1468     2     8
 -1.1568968844188111E-01 b      1469     2     9
  4.1238362828452285E-01 b      1470     2    10
 -1.8165288845421292E+00 b      1471     2    11
  6.3119438133023498E-01 b      1472     2    12
  2.6108854771998082E+00 b      1473     2    13
 -1.7030135976229968E+00 b      1474     2    14
  3.7178631741146262E+00 b      1475     2    15
 -3.6649540384398951E+00 b      1476     2    16
  2.5275762820665100E+00 b      1477     2    17
  9.9091428476806929E+00 b      1478     2    18
  5.1210187412621044E+00 b      1479     2    19
 -9.2250887920329849E-01 b      1480     2    20
 -1.0423113380646516E+00 a      1481     2     1     3     1
  5.5132128070102182E-01 a      1482     2     2     3     1
 -3.1745397156871796E-01 a      1483     2     3     3     1
 -2.7043717344006235E-01 a      1484     2     4     3     1
 -3.9958217958365405E-01 a      1485     2     5     3     1
  1.0368426613710358E+00 a      1486     2     6     3     1
  3.3897078648263707E-01 a      1487     2     7     3     1
  1.6681222433085097E+00 a      1488     2     8     3     1
 -5.3449842102951084E-01 a      1489     2     9     3     1
  6.3458237345478108E-01 a      1490     2    10     3     1
  7.4084799259462941E-01 a      1491     2    11     3     1
 -2.8173637897925330E-01 a      1492     2    12     3     1
 -3.3444519451327936E-01 a      1493     2    13     3     1
  4.0258040431280162E-01 a      1494     2    14     3     1
 -2.7397810760515334E-01 a      1495     2    15     3     1
 -2.9302283269439799E-01 a      1496     2    16     3     1
 -4.6904143961932365E-01 a      1497     2    17     3     1
  4.0561397423349926E-01 a      1498     2    18     3     1
  4.0725820314829181E-01 a      1499     2    19     3     1
 -4.9847249383861780E-01 a      1500     2    20     3     1
 -9.6017884086413829E+00 b      1501     3     1
