################################################################################
# Neural network connection values (weights and biases).
################################################################################
# Col  Name       Description
################################################################################
# 1    connection Neural network connection value.
# 2    t          Connection type (a = weight, b = bias).
# 3    index      Index enumerating weights.
# 4    l_s        Starting point layer (end point layer for biases).
# 5    n_s        Starting point neuron in starting layer (end point neuron for biases).
# 6    l_e        End point layer.
# 7    n_e        End point neuron in end layer.
################################################################################
#                      1 2         3     4     5     6     7
#             connection t     index   l_s   n_s   l_e   n_e
############################################################
 -1.6822972714896841E+02 a         1     0     1     1     1
  7.4405488101443666E+01 a         2     0     1     1     2
 -3.5513447089102172E+01 a         3     0     1     1     3
 -8.5066952292764782E+01 a         4     0     1     1     4
 -3.0995780291935102E+01 a         5     0     1     1     5
 -1.5619236681352242E+00 a         6     0     1     1     6
 -1.5105697582116049E+01 a         7     0     1     1     7
 -9.4212189485856324E-01 a         8     0     1     1     8
  1.2121459830534118E+01 a         9     0     1     1     9
  1.0309748491977011E+02 a        10     0     1     1    10
  1.7114153350571198E+02 a        11     0     1     1    11
  1.4559524910011069E+02 a        12     0     1     1    12
 -3.5951841435329577E+01 a        13     0     1     1    13
  2.7406705482119364E+01 a        14     0     1     1    14
  6.6708348820337505E+01 a        15     0     1     1    15
 -2.8582576732897962E+01 a        16     0     1     1    16
 -5.2804900038077891E+00 a        17     0     1     1    17
  3.9078802427900833E+01 a        18     0     1     1    18
  4.2257319838180308E+01 a        19     0     1     1    19
  6.7557145821754645E+01 a        20     0     1     1    20
 -6.1132589542635579E+01 a        21     0     2     1     1
  5.8736963721828683E+00 a        22     0     2     1     2
  9.8431190914138735E+00 a        23     0     2     1     3
  8.3465572297827517E+00 a        24     0     2     1     4
  7.4941448065472954E+01 a        25     0     2     1     5
  4.1134010694260198E+01 a        26     0     2     1     6
 -3.5016392612168403E+01 a        27     0     2     1     7
 -5.0744282286642379E+00 a        28     0     2     1     8
  3.8415281944143640E+00 a        29     0     2     1     9
 -1.1118252466107340E+02 a        30     0     2     1    10
  1.7307220321238184E+01 a        31     0     2     1    11
  7.1376666780548135E+01 a        32     0     2     1    12
 -3.5920923255853246E+01 a        33     0     2     1    13
 -1.0514405207806023E+02 a        34     0     2     1    14
  5.4891828650600679E+01 a        35     0     2     1    15
 -3.7155598210354214E+01 a        36     0     2     1    16
 -2.4154266010745935E+01 a        37     0     2     1    17
  3.6306478612573677E+01 a        38     0     2     1    18
 -5.8205033344382649E+01 a        39     0     2     1    19
 -2.1353860804505285E+01 a        40     0     2     1    20
  3.3496946853703395E+02 a        41     0     3     1     1
 -1.9442990803302305E+02 a        42     0     3     1     2
  1.0956941956597305E+02 a        43     0     3     1     3
  2.0913095673833698E+02 a        44     0     3     1     4
  9.3554812574449841E+01 a        45     0     3     1     5
 -2.2154635711247980E+01 a        46     0     3     1     6
 -3.9452041288529571E+01 a        47     0     3     1     7
 -4.1155674042102405E+01 a        48     0     3     1     8
  4.3542380272286223E+01 a        49     0     3     1     9
 -2.0166094538866477E+02 a        50     0     3     1    10
 -2.1706921263438747E+02 a        51     0     3     1    11
 -2.8863204367825500E+02 a        52     0     3     1    12
  1.9891139654832799E+01 a        53     0     3     1    13
 -3.4780349617329797E+01 a        54     0     3     1    14
 -1.4082649204034075E+02 a        55     0     3     1    15
  4.8167710295551004E+01 a        56     0     3     1    16
 -1.8418355601591216E+01 a        57     0     3     1    17
 -2.9708687884577166E+01 a        58     0     3     1    18
 -3.8430020768687157E+01 a        59     0     3     1    19
 -1.1510847438091005E+02 a        60     0     3     1    20
  1.3651388977982162E+02 a        61     0     4     1     1
 -2.1207420162673849E+01 a        62     0     4     1     2
 -4.0479193065198757E+01 a        63     0     4     1     3
  1.0497600260844511E+01 a        64     0     4     1     4
 -1.3870094446101501E+02 a        65     0     4     1     5
 -1.0861575360583628E+02 a        66     0     4     1     6
  1.2584491386174727E+02 a        67     0     4     1     7
 -3.3245436114611159E+01 a        68     0     4     1     8
  3.2687938979436218E+01 a        69     0     4     1     9
  2.2774147492520513E+02 a        70     0     4     1    10
  2.3618187239048332E+01 a        71     0     4     1    11
 -1.4387047063045085E+02 a        72     0     4     1    12
  1.3335360170918563E+02 a        73     0     4     1    13
  2.2485334857445841E+02 a        74     0     4     1    14
 -2.1630631012460532E+02 a        75     0     4     1    15
  5.3905992300271294E+01 a        76     0     4     1    16
  4.9791683253551000E+01 a        77     0     4     1    17
 -1.2873454800458637E+02 a        78     0     4     1    18
  1.3968749757543034E+02 a        79     0     4     1    19
  1.1703290142294010E+02 a        80     0     4     1    20
  6.1909131207142600E+01 a        81     0     5     1     1
  5.1513695284537832E+01 a        82     0     5     1     2
 -5.9323801409283433E+01 a        83     0     5     1     3
  3.8864964846488924E+01 a        84     0     5     1     4
 -2.0315235965530011E+01 a        85     0     5     1     5
  5.8416316712478107E+01 a        86     0     5     1     6
  1.2183932167673719E+01 a        87     0     5     1     7
  9.4897020788451929E+00 a        88     0     5     1     8
 -2.0180607635686198E+02 a        89     0     5     1     9
 -3.8351781398826070E+01 a        90     0     5     1    10
 -1.9601544283407583E+02 a        91     0     5     1    11
 -3.2317608992085077E+01 a        92     0     5     1    12
  2.9787153943475694E+01 a        93     0     5     1    13
 -1.0331664108541781E+02 a        94     0     5     1    14
  2.5403640993555261E+01 a        95     0     5     1    15
  6.3928201793768899E+01 a        96     0     5     1    16
  4.0627394819834542E+01 a        97     0     5     1    17
 -8.7114002975796737E+01 a        98     0     5     1    18
 -3.1582729151318908E+01 a        99     0     5     1    19
  3.0208015745097793E+01 a       100     0     5     1    20
 -1.1047028267231394E+01 a       101     0     6     1     1
  2.2869876176475991E+01 a       102     0     6     1     2
  7.2582140793907698E+01 a       103     0     6     1     3
 -4.0248642045517904E+01 a       104     0     6     1     4
  4.9112353877249973E+01 a       105     0     6     1     5
  7.4241822273386489E+01 a       106     0     6     1     6
 -2.1226150347312543E+02 a       107     0     6     1     7
  9.5222510292905739E+01 a       108     0     6     1     8
 -1.3886485104061421E+02 a       109     0     6     1     9
  5.0240777732531697E+01 a       110     0     6     1    10
 -1.2373072076519969E+02 a       111     0     6     1    11
 -2.5412339154606528E+01 a       112     0     6     1    12
 -1.0154844519587446E+02 a       113     0     6     1    13
 -3.8696229353963176E+01 a       114     0     6     1    14
  1.8710845215502638E+02 a       115     0     6     1    15
  8.3691626672217694E+01 a       116     0     6     1    16
  1.0663025302278557E+01 a       117     0     6     1    17
  1.1918879568953389E+02 a       118     0     6     1    18
 -3.8815068461247435E+01 a       119     0     6     1    19
 -1.1883252781187907E+02 a       120     0     6     1    20
 -5.3846063319650789E+01 a       121     0     7     1     1
 -2.5412790571671049E+01 a       122     0     7     1     2
  5.9531492934067494E+01 a       123     0     7     1     3
 -1.9037900956947400E+01 a       124     0     7     1     4
  1.6723414806731611E+01 a       125     0     7     1     5
 -4.3645086737520977E+01 a       126     0     7     1     6
  8.3752640186409870E+00 a       127     0     7     1     7
  3.0375132354253447E+00 a       128     0     7     1     8
  1.9755206328270742E+02 a       129     0     7     1     9
  3.5634162866031566E+01 a       130     0     7     1    10
  1.1013063698128620E+02 a       131     0     7     1    11
  3.6298752893508528E+01 a       132     0     7     1    12
 -5.0529354776087327E+00 a       133     0     7     1    13
  6.2368217325458978E+01 a       134     0     7     1    14
 -2.9065243909262684E+01 a       135     0     7     1    15
 -3.9620838981465035E+01 a       136     0     7     1    16
 -1.8761393254599877E+01 a       137     0     7     1    17
  8.3079916463752483E+01 a       138     0     7     1    18
  3.4702939141803277E+00 a       139     0     7     1    19
 -3.4617089176631914E+01 a       140     0     7     1    20
  1.7477950067117124E+01 a       141     0     8     1     1
 -7.4494249866091398E+00 a       142     0     8     1     2
 -6.6560154408980992E+01 a       143     0     8     1     3
  1.4753816812861040E-01 a       144     0     8     1     4
 -3.1307558049976301E+01 a       145     0     8     1     5
 -5.9297965744902193E+01 a       146     0     8     1     6
  1.1213586476751065E+02 a       147     0     8     1     7
 -5.2125569099279787E+01 a       148     0     8     1     8
  7.5734675029461854E+01 a       149     0     8     1     9
 -2.2571137314058976E+01 a       150     0     8     1    10
  6.9385320334163197E+01 a       151     0     8     1    11
  6.6468100259899643E+00 a       152     0     8     1    12
  3.2482781635439956E+01 a       153     0     8     1    13
  3.1037543161705056E+01 a       154     0     8     1    14
 -1.0449195813776534E+02 a       155     0     8     1    15
 -4.2612505578851291E+01 a       156     0     8     1    16
  4.2965370344794875E+00 a       157     0     8     1    17
 -6.2912405181053991E+01 a       158     0     8     1    18
  4.6916588057520219E+00 a       159     0     8     1    19
  7.4391535203914103E+01 a       160     0     8     1    20
 -3.0884526630427325E+02 a       161     0     9     1     1
  1.5682703588909652E+02 a       162     0     9     1     2
 -8.0035806111936395E+01 a       163     0     9     1     3
 -2.5738821146929899E+02 a       164     0     9     1     4
 -9.5094501298605863E+01 a       165     0     9     1     5
 -2.9660442863415660E+01 a       166     0     9     1     6
  9.5175298852161021E+01 a       167     0     9     1     7
  7.8871649043890059E+01 a       168     0     9     1     8
  1.1619735336531335E+02 a       169     0     9     1     9
  2.1236932973322550E+02 a       170     0     9     1    10
  2.4216202929489634E+02 a       171     0     9     1    11
  2.3717855911962798E+02 a       172     0     9     1    12
  4.5585338592612018E+01 a       173     0     9     1    13
  1.2368768642296361E+02 a       174     0     9     1    14
  7.3983917569415368E+01 a       175     0     9     1    15
 -8.1309648389431132E+01 a       176     0     9     1    16
  1.3334394461552275E+01 a       177     0     9     1    17
  7.1692144664381416E+01 a       178     0     9     1    18
  4.1563754808928950E+00 a       179     0     9     1    19
  1.8649879577453962E+01 a       180     0     9     1    20
 -1.0276304979015018E+02 a       181     0    10     1     1
  8.4618576377500276E-01 a       182     0    10     1     2
 -3.3042815910374124E+01 a       183     0    10     1     3
 -7.1979130290894471E+00 a       184     0    10     1     4
  3.0267341045830932E+01 a       185     0    10     1     5
  2.5860145973808141E+01 a       186     0    10     1     6
  9.9752569211306124E+01 a       187     0    10     1     7
 -5.9138671056838518E+01 a       188     0    10     1     8
  1.0475457886255218E+02 a       189     0    10     1     9
 -2.5164998191409973E+02 a       190     0    10     1    10
  8.0952590950923778E+01 a       191     0    10     1    11
  1.2570466838163051E+02 a       192     0    10     1    12
 -4.1471274917569943E+01 a       193     0    10     1    13
 -1.3046167002663688E+02 a       194     0    10     1    14
  6.4845070886359480E+01 a       195     0    10     1    15
 -1.4361103491598737E+02 a       196     0    10     1    16
 -7.0468587408456330E+01 a       197     0    10     1    17
  2.4573033231107768E+00 a       198     0    10     1    18
 -7.4941046185548601E+01 a       199     0    10     1    19
 -3.0907369391562856E+01 a       200     0    10     1    20
  5.1934552582594140E+00 a       201     0    11     1     1
 -8.7812615407042586E+01 a       202     0    11     1     2
  4.0044323739551366E+01 a       203     0    11     1     3
  1.0037511821933957E+02 a       204     0    11     1     4
  2.1893262908120796E+01 a       205     0    11     1     5
 -5.1967570720428213E+01 a       206     0    11     1     6
  6.7138960621533585E+01 a       207     0    11     1     7
  1.6534592401224291E+01 a       208     0    11     1     8
 -6.0617205988983109E+01 a       209     0    11     1     9
 -5.5444910069066971E+01 a       210     0    11     1    10
 -1.2102413944492927E+01 a       211     0    11     1    11
 -4.4487638693577914E+01 a       212     0    11     1    12
 -1.9929185562453478E+02 a       213     0    11     1    13
 -2.5120842563201379E+01 a       214     0    11     1    14
 -8.0708469826188008E+01 a       215     0    11     1    15
  1.9208486727599880E+01 a       216     0    11     1    16
  3.1148240022475009E+00 a       217     0    11     1    17
  1.4710912763431296E+02 a       218     0    11     1    18
 -5.1881634881995105E+01 a       219     0    11     1    19
 -2.3910323643792040E+01 a       220     0    11     1    20
  1.1340049364257206E+02 a       221     0    12     1     1
  4.2358804672821854E+01 a       222     0    12     1     2
 -1.6549794757980175E+02 a       223     0    12     1     3
 -2.0513520757234772E+02 a       224     0    12     1     4
 -3.4879589333963573E+01 a       225     0    12     1     5
 -8.3789256727292766E+01 a       226     0    12     1     6
 -4.4672124616547528E+01 a       227     0    12     1     7
 -3.0185409928842581E+01 a       228     0    12     1     8
 -4.9210493334946896E+00 a       229     0    12     1     9
  7.4960660036114277E+01 a       230     0    12     1    10
  4.8758189893334269E+01 a       231     0    12     1    11
 -3.8708322697255198E+01 a       232     0    12     1    12
 -3.5234403112688270E+01 a       233     0    12     1    13
  1.2117216223317581E+02 a       234     0    12     1    14
  9.5118458990892947E+00 a       235     0    12     1    15
  7.2187961752642536E+01 a       236     0    12     1    16
  4.8224213752389758E+01 a       237     0    12     1    17
 -3.4171536132771948E+01 a       238     0    12     1    18
 -1.0522910321110591E+02 a       239     0    12     1    19
  1.2055812971045293E+02 a       240     0    12     1    20
  1.5122516320269031E+02 a       241     0    13     1     1
 -8.4397823998254879E+01 a       242     0    13     1     2
  4.2331437507237624E+01 a       243     0    13     1     3
  1.4255121438618838E+02 a       244     0    13     1     4
  6.0363439751028295E+01 a       245     0    13     1     5
  3.5594490465672045E+01 a       246     0    13     1     6
 -9.3628428156646265E+01 a       247     0    13     1     7
 -6.8854799201219564E+01 a       248     0    13     1     8
 -1.4029585768327752E+02 a       249     0    13     1     9
 -1.2394746073230172E+02 a       250     0    13     1    10
 -8.9589838412729122E+01 a       251     0    13     1    11
 -1.1781706771676967E+02 a       252     0    13     1    12
 -7.1798300369911232E+01 a       253     0    13     1    13
 -6.9468476191414368E+01 a       254     0    13     1    14
  3.6473673918053175E+00 a       255     0    13     1    15
  3.0233741820870367E+01 a       256     0    13     1    16
 -2.8067516673323357E+01 a       257     0    13     1    17
 -7.5640353650237415E+01 a       258     0    13     1    18
  2.0892731274787234E+01 a       259     0    13     1    19
  1.2700518037623485E+01 a       260     0    13     1    20
  3.2444704006829213E+01 a       261     0    14     1     1
 -4.0520301627407438E+00 a       262     0    14     1     2
  6.3204489202225183E+01 a       263     0    14     1     3
  5.6209350303116949E+01 a       264     0    14     1     4
  9.0605825253610437E+00 a       265     0    14     1     5
  1.6847886426746307E+01 a       266     0    14     1     6
 -7.2305157383592473E+01 a       267     0    14     1     7
  5.3203927582585479E+01 a       268     0    14     1     8
 -7.4647596532548704E+01 a       269     0    14     1     9
  1.4269825177178686E+02 a       270     0    14     1    10
 -7.7857139748258177E+01 a       271     0    14     1    11
 -5.3622012589309612E+01 a       272     0    14     1    12
  2.5209832523994510E+01 a       273     0    14     1    13
  2.4072029897711449E+01 a       274     0    14     1    14
 -2.2430101421895372E+01 a       275     0    14     1    15
  9.2824578738997090E+01 a       276     0    14     1    16
  5.0660333063685925E+01 a       277     0    14     1    17
  2.8370084823996301E+01 a       278     0    14     1    18
  4.2723690747222307E+01 a       279     0    14     1    19
 -1.1714685323801215E+01 a       280     0    14     1    20
 -5.8156313439344431E-01 a       281     0    15     1     1
  2.1207963029797277E+01 a       282     0    15     1     2
 -1.1616293409739274E+01 a       283     0    15     1     3
 -2.1341849686617042E+01 a       284     0    15     1     4
 -5.3648240402357139E+00 a       285     0    15     1     5
  1.1707586027600144E+01 a       286     0    15     1     6
 -1.4987858755992104E+01 a       287     0    15     1     7
 -3.3546280054344750E+00 a       288     0    15     1     8
  6.0729063807559074E+00 a       289     0    15     1     9
  1.2171080828472414E+01 a       290     0    15     1    10
 -4.8721327366846640E-01 a       291     0    15     1    11
  9.2115582790682620E+00 a       292     0    15     1    12
  5.1287268077216162E+01 a       293     0    15     1    13
  1.9274185540730215E+00 a       294     0    15     1    14
  1.7642058509295246E+01 a       295     0    15     1    15
 -2.4707731700393429E+00 a       296     0    15     1    16
 -2.5858575733597351E+00 a       297     0    15     1    17
 -3.5245256856171181E+01 a       298     0    15     1    18
  1.0743752002936944E+01 a       299     0    15     1    19
  6.1977331510227547E+00 a       300     0    15     1    20
 -1.6130902027775520E+01 a       301     0    16     1     1
 -3.1561945124915236E+00 a       302     0    16     1     2
  2.5153592519665231E+01 a       303     0    16     1     3
  2.6110524248694475E+01 a       304     0    16     1     4
  5.3662144380980310E+00 a       305     0    16     1     5
  1.3300988064177290E+01 a       306     0    16     1     6
  6.2841510230117441E+00 a       307     0    16     1     7
  8.3799405274386878E+00 a       308     0    16     1     8
 -6.7933576762118275E-01 a       309     0    16     1     9
 -8.7660629286654288E+00 a       310     0    16     1    10
 -1.0555075924151282E+01 a       311     0    16     1    11
  5.7045450486523812E+00 a       312     0    16     1    12
  1.3268757204647384E+01 a       313     0    16     1    13
 -2.8943300781956498E+01 a       314     0    16     1    14
 -8.0188392150687171E-01 a       315     0    16     1    15
 -7.6263798272410845E+00 a       316     0    16     1    16
 -3.2743154447061560E+00 a       317     0    16     1    17
  6.7859582031761594E+00 a       318     0    16     1    18
  1.5723659186039736E+01 a       319     0    16     1    19
 -2.1007022124883200E+01 a       320     0    16     1    20
 -2.2885814436377458E+01 a       321     0    17     1     1
  8.7032844711589803E+01 a       322     0    17     1     2
 -6.8361706566131687E+01 a       323     0    17     1     3
 -1.0240244709008347E+02 a       324     0    17     1     4
 -4.2417360354384606E+01 a       325     0    17     1     5
  3.6206201153050202E+01 a       326     0    17     1     6
 -1.9829989888664233E+01 a       327     0    17     1     7
  3.6341486749956649E+00 a       328     0    17     1     8
  2.7143241031420374E+01 a       329     0    17     1     9
  5.9336307680422685E+01 a       330     0    17     1    10
  1.7608012333606664E+00 a       331     0    17     1    11
  4.7865245912087822E+01 a       332     0    17     1    12
  1.5828690848943816E+02 a       333     0    17     1    13
  6.8834344180620466E+00 a       334     0    17     1    14
  5.5133233043239926E+01 a       335     0    17     1    15
 -2.0279338803030893E+01 a       336     0    17     1    16
  2.0296405287497173E+01 a       337     0    17     1    17
 -9.5371222010021953E+01 a       338     0    17     1    18
  3.8072596139817023E+01 a       339     0    17     1    19
  2.6851061047994715E+01 a       340     0    17     1    20
 -1.0539916414861646E+02 a       341     0    18     1     1
 -3.2439282595946992E+01 a       342     0    18     1     2
  1.2361455481005152E+02 a       343     0    18     1     3
  1.3375392628878132E+02 a       344     0    18     1     4
  3.3079072307113165E+01 a       345     0    18     1     5
  7.5139051164200524E+01 a       346     0    18     1     6
  2.1343071880253081E+01 a       347     0    18     1     7
  1.6569496105854611E+01 a       348     0    18     1     8
  5.3989658864828023E+00 a       349     0    18     1     9
 -9.6861711603849784E+01 a       350     0    18     1    10
 -2.1847925187970098E+01 a       351     0    18     1    11
  4.3417411535934562E+01 a       352     0    18     1    12
  5.7427858583266014E+00 a       353     0    18     1    13
 -1.0123946065558567E+02 a       354     0    18     1    14
  2.9428408663216949E+01 a       355     0    18     1    15
 -7.0446028986351337E+01 a       356     0    18     1    16
 -6.3045335624709772E+01 a       357     0    18     1    17
  2.9473558793518407E+01 a       358     0    18     1    18
  7.2230004686813473E+01 a       359     0    18     1    19
 -1.0644696568763014E+02 a       360     0    18     1    20
  9.7710476718855757E-02 a       361     0    19     1     1
  9.3460402154099356E+00 a       362     0    19     1     2
  1.2999504360328604E+00 a       363     0    19     1     3
 -5.0360791530667175E+00 a       364     0    19     1     4
  3.3298732233227843E+00 a       365     0    19     1     5
  7.2804226387133957E+00 a       366     0    19     1     6
 -7.1050295519065587E+00 a       367     0    19     1     7
  7.2976548718619860E-01 a       368     0    19     1     8
 -5.5927152553068604E-01 a       369     0    19     1     9
  4.3239803116817930E+00 a       370     0    19     1    10
 -1.4889740201162327E+00 a       371     0    19     1    11
  3.4043702088953718E+00 a       372     0    19     1    12
  9.8547084546060688E+00 a       373     0    19     1    13
  5.0252994800194966E+00 a       374     0    19     1    14
  8.9189821618104688E+00 a       375     0    19     1    15
  6.8060326824010184E+00 a       376     0    19     1    16
 -7.0607490863695483E+00 a       377     0    19     1    17
 -2.0519437916117568E+01 a       378     0    19     1    18
  4.2592454111818050E+00 a       379     0    19     1    19
  4.3108277815400777E+00 a       380     0    19     1    20
 -6.9617651300675938E+00 a       381     0    20     1     1
 -2.4031738994234231E+00 a       382     0    20     1     2
  1.6610969898190465E+01 a       383     0    20     1     3
  2.2852316019782702E+01 a       384     0    20     1     4
  4.0847808374157530E+00 a       385     0    20     1     5
  7.8384641161082733E+00 a       386     0    20     1     6
  1.2820190074207634E+00 a       387     0    20     1     7
  4.9150840960827633E+00 a       388     0    20     1     8
 -2.3636901101098342E+00 a       389     0    20     1     9
 -1.0714297916451814E+00 a       390     0    20     1    10
 -8.9859053921446748E+00 a       391     0    20     1    11
  3.2713298622358908E+00 a       392     0    20     1    12
 -2.2148013389944064E-02 a       393     0    20     1    13
 -7.1299809868352746E+00 a       394     0    20     1    14
 -9.4680370668558733E-01 a       395     0    20     1    15
 -5.1646709552046746E+00 a       396     0    20     1    16
 -1.6625018260669566E+00 a       397     0    20     1    17
  4.9596631605431405E+00 a       398     0    20     1    18
  8.3988127416591638E+00 a       399     0    20     1    19
 -9.6027200506888910E+00 a       400     0    20     1    20
 -8.5667640587692800E-02 a       401     0    21     1     1
 -9.7069028256195095E-02 a       402     0    21     1     2
 -1.8890467572513707E+00 a       403     0    21     1     3
 -2.6661324948609941E+00 a       404     0    21     1     4
 -2.2523722723683068E+00 a       405     0    21     1     5
  8.5129999355796279E-02 a       406     0    21     1     6
 -1.7490410010069561E+00 a       407     0    21     1     7
 -1.0538204832248579E+00 a       408     0    21     1     8
  1.0385886726545872E-01 a       409     0    21     1     9
  3.3928342290594987E-01 a       410     0    21     1    10
  5.9221021556500186E-01 a       411     0    21     1    11
  3.6561605936614189E-01 a       412     0    21     1    12
  4.3666181507946444E-01 a       413     0    21     1    13
  1.6008498177811106E+00 a       414     0    21     1    14
  1.8280796296634856E+00 a       415     0    21     1    15
 -3.5547125347085125E+00 a       416     0    21     1    16
  2.7473076629535784E+00 a       417     0    21     1    17
 -2.6355623551012113E-02 a       418     0    21     1    18
  1.3680109513298173E+00 a       419     0    21     1    19
  6.4599508226873670E-01 a       420     0    21     1    20
 -6.8491657741029333E-02 a       421     0    22     1     1
 -1.0224777993111840E+00 a       422     0    22     1     2
 -2.1463683255700747E+00 a       423     0    22     1     3
 -2.0512948104786100E+00 a       424     0    22     1     4
 -4.2943305917519181E-01 a       425     0    22     1     5
 -9.9265556389010823E-01 a       426     0    22     1     6
 -1.0804712833397667E+00 a       427     0    22     1     7
 -2.1765378071698547E+00 a       428     0    22     1     8
  4.5385528860269492E-01 a       429     0    22     1     9
 -1.0612110460248827E+00 a       430     0    22     1    10
  2.3886432054972491E+00 a       431     0    22     1    11
 -5.2471954319025949E-01 a       432     0    22     1    12
 -4.2943096988737334E-01 a       433     0    22     1    13
  4.7630500388722430E+00 a       434     0    22     1    14
  8.6811063809843081E-01 a       435     0    22     1    15
 -1.8618392525054775E-01 a       436     0    22     1    16
 -1.8195241229959915E+00 a       437     0    22     1    17
 -9.1742780091267451E-01 a       438     0    22     1    18
 -1.2676685353248662E+00 a       439     0    22     1    19
  2.0285749104826096E+00 a       440     0    22     1    20
 -1.5900220068226747E+02 a       441     0    23     1     1
  7.3812295747535657E+01 a       442     0    23     1     2
  1.0007663117317077E+02 a       443     0    23     1     3
 -3.1974562853610941E+01 a       444     0    23     1     4
 -7.5792675143968282E+01 a       445     0    23     1     5
 -4.2917891348276292E+01 a       446     0    23     1     6
  6.9353638788726187E+01 a       447     0    23     1     7
  1.2258228703754629E+02 a       448     0    23     1     8
  2.9386680793654410E+01 a       449     0    23     1     9
 -4.7334152646719332E+01 a       450     0    23     1    10
 -4.3101954398215263E+01 a       451     0    23     1    11
  7.2200726932691012E+01 a       452     0    23     1    12
 -3.8483506065335007E+01 a       453     0    23     1    13
  2.0173252010573628E+00 a       454     0    23     1    14
 -3.1619267549990720E+01 a       455     0    23     1    15
 -9.5114947357088084E+01 a       456     0    23     1    16
 -1.1483312498748687E+02 a       457     0    23     1    17
 -6.7221865973225434E+01 a       458     0    23     1    18
  6.2030134601977807E+01 a       459     0    23     1    19
 -1.9971779000386022E+02 a       460     0    23     1    20
 -1.3935656412760088E+02 a       461     0    24     1     1
 -1.5110994433251905E+01 a       462     0    24     1     2
 -9.0057323773547253E+01 a       463     0    24     1     3
  2.3841141217316218E+02 a       464     0    24     1     4
 -2.8207481107137315E+01 a       465     0    24     1     5
  3.2890583325692774E+01 a       466     0    24     1     6
 -1.8193814685244003E+01 a       467     0    24     1     7
  2.8733511107150882E+01 a       468     0    24     1     8
 -4.5953763251251424E+01 a       469     0    24     1     9
 -2.4160474972986957E+01 a       470     0    24     1    10
 -7.4272557207579112E+01 a       471     0    24     1    11
  3.1233924768024991E+02 a       472     0    24     1    12
 -8.5767431856969594E+01 a       473     0    24     1    13
  9.5400220556248769E+01 a       474     0    24     1    14
 -1.0675796452990371E+01 a       475     0    24     1    15
  1.8004261454669702E+01 a       476     0    24     1    16
  3.3984224502127070E+01 a       477     0    24     1    17
 -7.0752835537618068E+01 a       478     0    24     1    18
  3.7144298688607250E+01 a       479     0    24     1    19
 -3.3625987892805767E+01 a       480     0    24     1    20
 -1.1488503699703715E+02 a       481     0    25     1     1
  1.0871430634930553E+02 a       482     0    25     1     2
  9.9992168953082725E+01 a       483     0    25     1     3
 -7.7821415875797243E+01 a       484     0    25     1     4
  1.3534780939169293E+01 a       485     0    25     1     5
 -3.5728383487365456E+01 a       486     0    25     1     6
  5.1140967522732543E+00 a       487     0    25     1     7
  2.8181328418034536E+01 a       488     0    25     1     8
 -5.0855562669347734E+01 a       489     0    25     1     9
 -6.5392168630845191E+01 a       490     0    25     1    10
  4.1498594728848620E-01 a       491     0    25     1    11
  2.9921922808733992E+01 a       492     0    25     1    12
 -2.0858284794161129E+01 a       493     0    25     1    13
 -2.6666165569293912E+02 a       494     0    25     1    14
  7.6173538517928179E+01 a       495     0    25     1    15
  7.1406608939039714E+01 a       496     0    25     1    16
 -4.6731513375620047E+01 a       497     0    25     1    17
 -1.1237060949129374E+01 a       498     0    25     1    18
  1.0070365184485095E+01 a       499     0    25     1    19
  6.3783491068308493E+01 a       500     0    25     1    20
  1.4078477168061139E+02 a       501     0    26     1     1
 -1.3371221742021018E+02 a       502     0    26     1     2
 -1.4175840946805360E+02 a       503     0    26     1     3
  2.9724640967955093E+01 a       504     0    26     1     4
  8.3586774038046642E+01 a       505     0    26     1     5
  2.6817546146742892E+01 a       506     0    26     1     6
 -1.0236306209690662E+02 a       507     0    26     1     7
 -1.1149777639811128E+02 a       508     0    26     1     8
 -9.0583755674208732E+01 a       509     0    26     1     9
  6.7289095808774277E+01 a       510     0    26     1    10
  7.5184912959337510E+01 a       511     0    26     1    11
 -1.6178507479683944E+02 a       512     0    26     1    12
 -5.9006095966470625E+01 a       513     0    26     1    13
 -8.3469345193697691E+01 a       514     0    26     1    14
  1.0878821268615536E+02 a       515     0    26     1    15
  1.5302801997771269E+01 a       516     0    26     1    16
 -4.4377042841739591E+00 a       517     0    26     1    17
 -1.3905738994804608E+01 a       518     0    26     1    18
 -1.0790611770677816E+02 a       519     0    26     1    19
  2.3610698047820469E+02 a       520     0    26     1    20
  5.6489687441787439E+01 a       521     0    27     1     1
 -4.7357440237443043E+01 a       522     0    27     1     2
 -1.0419775461176652E+01 a       523     0    27     1     3
 -2.4112002903047483E+01 a       524     0    27     1     4
  1.3496820932292231E+01 a       525     0    27     1     5
  9.2168459088630392E+00 a       526     0    27     1     6
 -4.5949236664061438E+01 a       527     0    27     1     7
  2.5034576479957337E+01 a       528     0    27     1     8
  1.8940924322412268E+01 a       529     0    27     1     9
  4.0571078573040900E+01 a       530     0    27     1    10
 -4.0480742817126782E+01 a       531     0    27     1    11
 -6.4588110554322625E+01 a       532     0    27     1    12
 -3.7622772130033098E+01 a       533     0    27     1    13
  2.9841891501608522E+01 a       534     0    27     1    14
 -3.2905740487584843E+01 a       535     0    27     1    15
 -6.6856685496622717E+01 a       536     0    27     1    16
 -3.0736187033049184E+01 a       537     0    27     1    17
  1.8904817311767093E+01 a       538     0    27     1    18
 -1.7494757785672252E+01 a       539     0    27     1    19
  4.2489108711643809E+01 a       540     0    27     1    20
  2.9384614266227086E+01 a       541     0    28     1     1
 -1.5835664606314390E+01 a       542     0    28     1     2
 -3.3052578327647865E+01 a       543     0    28     1     3
  1.7232717435284840E+01 a       544     0    28     1     4
  9.0222442601063364E+01 a       545     0    28     1     5
 -2.9427575554272941E+01 a       546     0    28     1     6
 -3.8724230628663527E+01 a       547     0    28     1     7
  2.1742860544938452E+01 a       548     0    28     1     8
  2.0218586734799202E+00 a       549     0    28     1     9
  2.3267085113417081E+00 a       550     0    28     1    10
  2.9203828652123299E+01 a       551     0    28     1    11
  1.7580020752545813E+01 a       552     0    28     1    12
 -5.8915437178388729E+01 a       553     0    28     1    13
  6.7928499699356280E+01 a       554     0    28     1    14
 -1.1256097057771034E+02 a       555     0    28     1    15
  5.6673236712397696E+01 a       556     0    28     1    16
 -1.5776561655824553E+01 a       557     0    28     1    17
 -2.4391289284894558E+01 a       558     0    28     1    18
  1.6859302763058245E+01 a       559     0    28     1    19
  2.8521507992472795E+01 a       560     0    28     1    20
  6.5010334198407577E+01 a       561     0    29     1     1
 -4.2675649714287722E+01 a       562     0    29     1     2
  2.9159714051865532E+01 a       563     0    29     1     3
  4.2188351578384498E+01 a       564     0    29     1     4
 -9.9212193093709491E+00 a       565     0    29     1     5
  1.1950867406713774E+01 a       566     0    29     1     6
 -7.0126652227454365E+00 a       567     0    29     1     7
 -7.3226542287776240E+01 a       568     0    29     1     8
  1.6988940514317850E+01 a       569     0    29     1     9
 -4.0319293413643091E+00 a       570     0    29     1    10
  2.2247925949695620E+01 a       571     0    29     1    11
 -2.5737458665140579E+01 a       572     0    29     1    12
  2.2545055030183825E+01 a       573     0    29     1    13
 -2.4741947133347635E+00 a       574     0    29     1    14
 -1.3126732237813830E+01 a       575     0    29     1    15
  9.6013639770577186E+01 a       576     0    29     1    16
 -4.4382318966878342E-01 a       577     0    29     1    17
  4.0755424961655464E+01 a       578     0    29     1    18
  2.3831553639160170E+01 a       579     0    29     1    19
  9.3402686254877722E+01 a       580     0    29     1    20
  6.9308937572011246E+01 a       581     0    30     1     1
 -4.3062422239586216E+00 a       582     0    30     1     2
  7.9885212482872760E+01 a       583     0    30     1     3
 -1.6740281886056317E+02 a       584     0    30     1     4
  4.1037606409287726E+01 a       585     0    30     1     5
 -1.5599556993007022E+01 a       586     0    30     1     6
  7.0964836783503074E+01 a       587     0    30     1     7
 -4.1769169274925581E+01 a       588     0    30     1     8
  2.6607819529746958E+01 a       589     0    30     1     9
 -3.6043778916865654E+00 a       590     0    30     1    10
  8.5531603329480262E+01 a       591     0    30     1    11
 -1.5607474158763188E+02 a       592     0    30     1    12
  1.2663979983656355E+02 a       593     0    30     1    13
 -8.0850211859061943E+01 a       594     0    30     1    14
  5.4745040742813131E+01 a       595     0    30     1    15
  3.2539461116792779E+01 a       596     0    30     1    16
 -4.8883576331522249E+01 a       597     0    30     1    17
  4.6303713851269890E+01 a       598     0    30     1    18
  3.3446435466787030E+01 a       599     0    30     1    19
  2.5552190863350035E+01 a       600     0    30     1    20
  1.4989788227171386E+01 a       601     0    31     1     1
 -7.2253983957444603E+01 a       602     0    31     1     2
 -1.9865682985787835E+01 a       603     0    31     1     3
 -2.4554145666849404E+01 a       604     0    31     1     4
 -9.6349169697999443E+01 a       605     0    31     1     5
  5.8829594295218499E+01 a       606     0    31     1     6
 -1.1688625658677154E+00 a       607     0    31     1     7
 -3.8415317526889218E+01 a       608     0    31     1     8
  2.7500168596057279E+01 a       609     0    31     1     9
  3.5376774586411777E+01 a       610     0    31     1    10
 -2.8435786620799306E+01 a       611     0    31     1    11
 -2.7601483110186351E+01 a       612     0    31     1    12
  3.5979084211496016E+01 a       613     0    31     1    13
  1.0519099180639213E+02 a       614     0    31     1    14
  1.5629393045966967E+01 a       615     0    31     1    15
 -4.2600336965530722E+01 a       616     0    31     1    16
 -1.5496136697459038E+01 a       617     0    31     1    17
 -2.8619351427124759E+01 a       618     0    31     1    18
 -3.7543933688885794E+01 a       619     0    31     1    19
 -1.1523211441103703E+01 a       620     0    31     1    20
  2.0258152419331168E+02 a       621     0    32     1     1
 -1.7349371333700896E+02 a       622     0    32     1     2
 -1.8562387143697202E+02 a       623     0    32     1     3
  4.3813372206069310E+01 a       624     0    32     1     4
  1.1136956252636593E+02 a       625     0    32     1     5
  4.2308067890397240E+01 a       626     0    32     1     6
 -1.3330692382582595E+02 a       627     0    32     1     7
 -1.5939646746751581E+02 a       628     0    32     1     8
 -1.1042665276494414E+02 a       629     0    32     1     9
  8.7369172008344307E+01 a       630     0    32     1    10
  9.9060058559762268E+01 a       631     0    32     1    11
 -2.0368551833849531E+02 a       632     0    32     1    12
 -5.8042332151280149E+01 a       633     0    32     1    13
 -9.6237372994130396E+01 a       634     0    32     1    14
  1.2979999219901777E+02 a       635     0    32     1    15
  4.3429221803987382E+01 a       636     0    32     1    16
  1.9945564553064663E+01 a       637     0    32     1    17
  1.4977636920112143E+00 a       638     0    32     1    18
 -1.3768840978692396E+02 a       639     0    32     1    19
  3.2328203903385344E+02 a       640     0    32     1    20
  1.8430373206297509E+02 a       641     0    33     1     1
 -5.6746737245118609E+01 a       642     0    33     1     2
  6.7754018566209709E+01 a       643     0    33     1     3
 -2.3527825636686259E+02 a       644     0    33     1     4
  4.8833084015716118E+01 a       645     0    33     1     5
 -1.4308735174516977E+01 a       646     0    33     1     6
 -3.0580900356280715E+01 a       647     0    33     1     7
  2.1759717499143005E+00 a       648     0    33     1     8
  6.3851206792409990E+01 a       649     0    33     1     9
  6.7996580796887486E+01 a       650     0    33     1    10
  1.8584062325439515E+01 a       651     0    33     1    11
 -3.3205823327386901E+02 a       652     0    33     1    12
  4.1981075269971704E+01 a       653     0    33     1    13
 -4.6064947491365452E+01 a       654     0    33     1    14
 -2.0616386926369142E+01 a       655     0    33     1    15
 -9.3975899384613484E+01 a       656     0    33     1    16
 -7.7550807157215360E+01 a       657     0    33     1    17
  8.5868932320583937E+01 a       658     0    33     1    18
 -3.7458114127437319E+01 a       659     0    33     1    19
  8.8443927256436666E+01 a       660     0    33     1    20
  9.9497260982951900E+01 a       661     0    34     1     1
 -9.3066205367674556E+01 a       662     0    34     1     2
 -9.9510255686674455E+01 a       663     0    34     1     3
  5.6737935972906151E+01 a       664     0    34     1     4
  9.1438153986517250E+01 a       665     0    34     1     5
 -8.4868973507193566E+00 a       666     0    34     1     6
 -5.5849653585049545E+01 a       667     0    34     1     7
  6.7436689779243251E+00 a       668     0    34     1     8
  3.6084817178799810E+01 a       669     0    34     1     9
  4.4879799363536762E+01 a       670     0    34     1    10
  3.1578688592920400E+01 a       671     0    34     1    11
  1.9450490818253818E+00 a       672     0    34     1    12
 -5.8424758917476517E+01 a       673     0    34     1    13
  2.4882009771475501E+02 a       674     0    34     1    14
 -1.8569029084504410E+02 a       675     0    34     1    15
  2.7002886655844414E+01 a       676     0    34     1    16
  1.0077349592101978E+00 a       677     0    34     1    17
 -3.3004830996089737E+01 a       678     0    34     1    18
  8.7806591965650735E+00 a       679     0    34     1    19
  2.5174329247592486E+00 a       680     0    34     1    20
 -1.1418518638688772E+01 a       681     0    35     1     1
  1.0760218011734734E+01 a       682     0    35     1     2
 -1.9318704262156224E+01 a       683     0    35     1     3
  1.0658370061411610E+01 a       684     0    35     1     4
  8.3383973841034305E+00 a       685     0    35     1     5
  1.2135392495064734E+01 a       686     0    35     1     6
 -1.6363385369224524E+01 a       687     0    35     1     7
  2.1496245759452488E+01 a       688     0    35     1     8
 -1.5697242528092090E+01 a       689     0    35     1     9
  4.0405755441268587E+00 a       690     0    35     1    10
  9.1858938167907678E-01 a       691     0    35     1    11
 -1.0563104936679023E+01 a       692     0    35     1    12
  3.9775838439124649E+00 a       693     0    35     1    13
  5.8114324719589838E+00 a       694     0    35     1    14
  8.2043069838744511E+00 a       695     0    35     1    15
 -4.5386500638751954E+01 a       696     0    35     1    16
  8.9511447806456292E+00 a       697     0    35     1    17
 -5.8899919681014321E+00 a       698     0    35     1    18
  7.1221459491361685E+00 a       699     0    35     1    19
 -6.3423433908923919E+01 a       700     0    35     1    20
  1.7601754741802580E+01 a       701     0    36     1     1
  4.1480374282387459E+01 a       702     0    36     1     2
 -2.0381105712949431E+01 a       703     0    36     1     3
  4.4882642221452137E+01 a       704     0    36     1     4
 -7.2809828727204637E+00 a       705     0    36     1     5
 -8.4717504496181011E+00 a       706     0    36     1     6
 -5.8539029502972689E+01 a       707     0    36     1     7
  1.0844912821552207E+01 a       708     0    36     1     8
 -1.9146881212583566E+00 a       709     0    36     1     9
 -6.5807969967676048E+00 a       710     0    36     1    10
 -9.0201761363863540E+00 a       711     0    36     1    11
 -2.2278630556931759E+01 a       712     0    36     1    12
 -5.3068889539708479E+01 a       713     0    36     1    13
  6.1627209082867846E+00 a       714     0    36     1    14
 -1.8843480809807687E+01 a       715     0    36     1    15
 -3.6667884900906984E+01 a       716     0    36     1    16
 -1.5715040668394131E+01 a       717     0    36     1    17
 -3.0577442742284395E+00 a       718     0    36     1    18
 -1.2684061550542236E+01 a       719     0    36     1    19
 -4.9539791847408871E-01 a       720     0    36     1    20
  4.2061017839566183E+01 a       721     0    37     1     1
  2.2051232686042926E+01 a       722     0    37     1     2
 -2.3245580583390073E+01 a       723     0    37     1     3
  3.6458914902908695E+01 a       724     0    37     1     4
  1.4508137281179046E+01 a       725     0    37     1     5
 -4.4410227403156576E+01 a       726     0    37     1     6
  3.4105674149459131E+00 a       727     0    37     1     7
 -1.3249223581440923E+00 a       728     0    37     1     8
 -5.9759805119916356E+00 a       729     0    37     1     9
 -7.4734560078558276E-01 a       730     0    37     1    10
 -5.2929591632062092E+00 a       731     0    37     1    11
 -9.3276347070263839E+00 a       732     0    37     1    12
 -1.3992434546913543E+01 a       733     0    37     1    13
 -2.5919257060871899E+00 a       734     0    37     1    14
 -1.8104826471782957E+01 a       735     0    37     1    15
  9.5340318980379504E+00 a       736     0    37     1    16
  1.3040846036286244E+01 a       737     0    37     1    17
  4.6120993379837145E+01 a       738     0    37     1    18
 -1.2976562181918160E+01 a       739     0    37     1    19
 -2.9851829493673801E+01 a       740     0    37     1    20
 -2.7951570072454990E+02 a       741     0    38     1     1
  2.6652673296140205E+02 a       742     0    38     1     2
  2.4903955769708912E+02 a       743     0    38     1     3
 -6.8181418525847562E+01 a       744     0    38     1     4
 -1.6476284208669833E+02 a       745     0    38     1     5
 -1.8070440461435584E+01 a       746     0    38     1     6
  1.6790019750481900E+02 a       747     0    38     1     7
  2.1373610460511955E+02 a       748     0    38     1     8
  1.8790016847541662E+02 a       749     0    38     1     9
 -1.2510263687311141E+02 a       750     0    38     1    10
 -1.3211734319196211E+02 a       751     0    38     1    11
  2.7676464144779391E+02 a       752     0    38     1    12
  9.8416308356396442E+01 a       753     0    38     1    13
  1.6118768112767808E+02 a       754     0    38     1    14
 -2.2810532696605250E+02 a       755     0    38     1    15
 -1.0195107060618660E+02 a       756     0    38     1    16
  6.0433520399380647E+01 a       757     0    38     1    17
 -2.8195938682014283E+01 a       758     0    38     1    18
  2.0121499084504896E+02 a       759     0    38     1    19
 -4.2428719537010642E+02 a       760     0    38     1    20
 -1.7412268753533269E+02 a       761     0    39     1     1
  9.0556861018704026E+01 a       762     0    39     1     2
 -4.2978904780521830E+01 a       763     0    39     1     3
  1.3253189588421230E+02 a       764     0    39     1     4
 -4.9893126027479788E+01 a       765     0    39     1     5
 -1.2859538071261381E+01 a       766     0    39     1     6
  7.9383279168771864E+01 a       767     0    39     1     7
 -4.7324905550554748E+00 a       768     0    39     1     8
 -6.0090749319445614E+01 a       769     0    39     1     9
 -1.0375719653862026E+02 a       770     0    39     1    10
  2.5953707986386876E+00 a       771     0    39     1    11
  2.7528174008654764E+02 a       772     0    39     1    12
 -2.3733542325882297E+01 a       773     0    39     1    13
 -1.2718810302604320E+01 a       774     0    39     1    14
  5.2815536660080895E+01 a       775     0    39     1    15
  9.3307185968573393E+01 a       776     0    39     1    16
  9.1089906249652770E+01 a       777     0    39     1    17
 -5.6675688406676102E+01 a       778     0    39     1    18
  2.1058481632032443E+01 a       779     0    39     1    19
 -1.2043543609975987E+02 a       780     0    39     1    20
 -8.6256736993065502E+01 a       781     0    40     1     1
  7.0314389052290309E+01 a       782     0    40     1     2
  6.4750390280084801E+01 a       783     0    40     1     3
 -3.1546783820235664E+01 a       784     0    40     1     4
 -1.9509665488095720E+02 a       785     0    40     1     5
  3.7650276106672855E+01 a       786     0    40     1     6
  5.7594438104494316E+01 a       787     0    40     1     7
 -1.4900107997786959E+01 a       788     0    40     1     8
 -1.4126989749186817E+01 a       789     0    40     1     9
 -7.8236455026871488E-01 a       790     0    40     1    10
 -3.9252118283222750E+01 a       791     0    40     1    11
 -6.0446895965360028E+00 a       792     0    40     1    12
  4.5418256446741673E+01 a       793     0    40     1    13
 -1.6757598481150751E+02 a       794     0    40     1    14
  2.3593941968501599E+02 a       795     0    40     1    15
 -7.9341762774852754E+01 a       796     0    40     1    16
  4.3188246679154119E+01 a       797     0    40     1    17
  5.8009498619006052E+01 a       798     0    40     1    18
  1.1264051764229333E+01 a       799     0    40     1    19
 -6.7713676603103167E+01 a       800     0    40     1    20
  6.1438949768941642E+00 a       801     0    41     1     1
  2.3010730547146743E+01 a       802     0    41     1     2
 -1.8974520899327737E+02 a       803     0    41     1     3
 -6.0105702740582387E+01 a       804     0    41     1     4
  9.7767141540826117E+01 a       805     0    41     1     5
  2.6546589988581868E+01 a       806     0    41     1     6
 -4.3821869353204377E+01 a       807     0    41     1     7
  5.5955760558900067E+01 a       808     0    41     1     8
 -7.5729214308106663E+01 a       809     0    41     1     9
  5.7073171964880672E+01 a       810     0    41     1    10
 -1.0446583079244013E+01 a       811     0    41     1    11
 -1.8100404777257392E+01 a       812     0    41     1    12
 -2.3473877693497638E+01 a       813     0    41     1    13
 -1.4898924938986362E+01 a       814     0    41     1    14
  6.5019744240764837E+01 a       815     0    41     1    15
 -1.2708568426720534E+02 a       816     0    41     1    16
  9.9938886163101216E+01 a       817     0    41     1    17
 -3.2463988822802207E+01 a       818     0    41     1    18
 -1.1790728581568639E+02 a       819     0    41     1    19
  2.9843236016814270E+01 a       820     0    41     1    20
  6.2713933235163765E+01 a       821     0    42     1     1
  1.5540536480304624E+01 a       822     0    42     1     2
 -1.5295172876762008E+01 a       823     0    42     1     3
 -4.7595714781381304E+01 a       824     0    42     1     4
 -4.0405706983486958E+01 a       825     0    42     1     5
 -1.4320447036550844E+01 a       826     0    42     1     6
 -8.4558874337878777E+01 a       827     0    42     1     7
  3.4694309039853316E+01 a       828     0    42     1     8
  1.9252244660874521E+01 a       829     0    42     1     9
  2.9198763410515177E+01 a       830     0    42     1    10
 -4.8304921560805660E+01 a       831     0    42     1    11
 -1.3724888667586367E+02 a       832     0    42     1    12
 -9.8865867180054948E+01 a       833     0    42     1    13
  2.9126039209552168E+01 a       834     0    42     1    14
 -7.5006835354000955E+01 a       835     0    42     1    15
 -1.0629647663476821E+02 a       836     0    42     1    16
  1.9539388260555711E+01 a       837     0    42     1    17
  2.7156643666572673E+01 a       838     0    42     1    18
 -8.2598551719906652E+01 a       839     0    42     1    19
  7.6438066613807809E+00 a       840     0    42     1    20
  1.2520463929213119E+02 a       841     0    43     1     1
 -3.8850997947836188E+00 a       842     0    43     1     2
 -9.1606499204355615E+01 a       843     0    43     1     3
  1.3521409387604899E+02 a       844     0    43     1     4
  1.5274225723220050E+02 a       845     0    43     1     5
 -7.1139095843452395E+01 a       846     0    43     1     6
  4.9469765358757778E+00 a       847     0    43     1     7
  3.2238320460826223E+01 a       848     0    43     1     8
  1.2293006001793977E+01 a       849     0    43     1     9
  1.5049791428854254E+01 a       850     0    43     1    10
  2.1019436423613250E+01 a       851     0    43     1    11
  1.5175738651341845E+01 a       852     0    43     1    12
 -5.4388872105146170E+01 a       853     0    43     1    13
  1.3938286106853280E+02 a       854     0    43     1    14
 -1.1362187022576889E+02 a       855     0    43     1    15
 -3.3887713368240044E+00 a       856     0    43     1    16
  8.5185564327077600E+01 a       857     0    43     1    17
  6.0107916669622590E+01 a       858     0    43     1    18
  2.1605853188736781E+01 a       859     0    43     1    19
 -8.0162730948245780E+01 a       860     0    43     1    20
  4.8028861259739635E+01 a       861     0    44     1     1
  5.3624082737718055E+01 a       862     0    44     1     2
  4.5307987481732562E+02 a       863     0    44     1     3
  1.2051949162313238E+02 a       864     0    44     1     4
 -2.0799387655851086E+02 a       865     0    44     1     5
 -3.8789203706868619E+01 a       866     0    44     1     6
  1.1367168745829670E+02 a       867     0    44     1     7
 -1.6783482292778572E+02 a       868     0    44     1     8
  2.5492113455428162E+02 a       869     0    44     1     9
 -1.4209767279935917E+02 a       870     0    44     1    10
 -2.7686790376843049E+01 a       871     0    44     1    11
  1.8951184610937545E+02 a       872     0    44     1    12
  2.4547882141690536E+02 a       873     0    44     1    13
  1.8622433146792571E+02 a       874     0    44     1    14
 -2.5658389029584691E+02 a       875     0    44     1    15
  3.8187322331280495E+02 a       876     0    44     1    16
  4.5195010430403663E+01 a       877     0    44     1    17
  1.9850197127763559E+02 a       878     0    44     1    18
  2.8733430167629075E+02 a       879     0    44     1    19
 -1.5278404263296181E+02 a       880     0    44     1    20
 -1.4199465184285830E+02 a       881     0    45     1     1
  9.0064485720005067E+01 a       882     0    45     1     2
  3.5809788212179718E+01 a       883     0    45     1     3
  9.3987161146745635E+01 a       884     0    45     1     4
  1.6513701856931753E+01 a       885     0    45     1     5
 -9.8182865449821346E+00 a       886     0    45     1     6
  1.4665904165055736E+02 a       887     0    45     1     7
 -7.8983038436575086E+01 a       888     0    45     1     8
 -5.4478778164458561E+01 a       889     0    45     1     9
 -9.2747130266396923E+01 a       890     0    45     1    10
  1.1543378046471480E+02 a       891     0    45     1    11
  2.0329503037266394E+02 a       892     0    45     1    12
  1.6407822681199016E+02 a       893     0    45     1    13
 -8.9861212004800805E+01 a       894     0    45     1    14
  1.2076011575414314E+02 a       895     0    45     1    15
  2.3458016236644852E+02 a       896     0    45     1    16
  6.6237384829147274E+01 a       897     0    45     1    17
 -5.7897023309981087E+01 a       898     0    45     1    18
  7.9539712643988580E+01 a       899     0    45     1    19
 -8.0504475457226604E+01 a       900     0    45     1    20
 -1.2976779913510555E+02 a       901     0    46     1     1
  2.4646610100229442E+00 a       902     0    46     1     2
  1.2051799099174247E+02 a       903     0    46     1     3
 -1.2642732391500117E+02 a       904     0    46     1     4
 -3.0664745733251164E+02 a       905     0    46     1     5
  1.4900154646374708E+02 a       906     0    46     1     6
  3.9341555663461939E+01 a       907     0    46     1     7
 -7.4231242966918487E+01 a       908     0    46     1     8
 -8.1300838819031540E+00 a       909     0    46     1     9
  8.9590394858921965E+00 a       910     0    46     1    10
 -4.5377419964724382E+01 a       911     0    46     1    11
 -4.8666257553408407E+01 a       912     0    46     1    12
  1.9395058944008514E+02 a       913     0    46     1    13
 -1.4243072098572679E+02 a       914     0    46     1    14
  2.7764645038410299E+02 a       915     0    46     1    15
 -1.3102235280334264E+02 a       916     0    46     1    16
 -3.3415107614218101E+01 a       917     0    46     1    17
 -1.5075456776085360E+01 a       918     0    46     1    18
 -2.5240800282666061E+01 a       919     0    46     1    19
  3.8142566514553650E+01 a       920     0    46     1    20
  4.9231063734022555E+00 a       921     0    47     1     1
 -6.0910385267867833E+00 a       922     0    47     1     2
  1.8509100181333491E+01 a       923     0    47     1     3
 -1.7794452066549649E+01 a       924     0    47     1     4
 -7.0771253656488353E+00 a       925     0    47     1     5
 -1.5745653572727660E+01 a       926     0    47     1     6
  1.4465056466850099E+01 a       927     0    47     1     7
 -1.4307247001469408E+01 a       928     0    47     1     8
  1.4635052324768331E+01 a       929     0    47     1     9
 -3.5940508240773354E+00 a       930     0    47     1    10
 -2.1998776966225604E+00 a       931     0    47     1    11
  1.3545180087704473E+01 a       932     0    47     1    12
 -5.3103225846954407E+00 a       933     0    47     1    13
 -2.8769174871173404E+00 a       934     0    47     1    14
 -6.6969232315726588E+00 a       935     0    47     1    15
  3.4843184293915812E+01 a       936     0    47     1    16
 -6.9619379150883987E+00 a       937     0    47     1    17
  2.4521247628349259E+00 a       938     0    47     1    18
 -1.0304410770280827E+01 a       939     0    47     1    19
  3.7330402860931002E+01 a       940     0    47     1    20
 -2.9708918974173709E+01 a       941     0    48     1     1
 -3.9150447082532892E+01 a       942     0    48     1     2
  8.5090043123289227E+00 a       943     0    48     1     3
 -1.0901757710275502E+01 a       944     0    48     1     4
  5.1754505691400228E+00 a       945     0    48     1     5
  1.0739298160178571E+01 a       946     0    48     1     6
  4.5192580706454549E+01 a       947     0    48     1     7
 -5.8937277008421409E+00 a       948     0    48     1     8
 -2.5919436967134799E+00 a       949     0    48     1     9
  6.8850420288591634E+00 a       950     0    48     1    10
 -2.2122998424136768E+00 a       951     0    48     1    11
  5.0123833865120616E+01 a       952     0    48     1    12
  3.4807662685413746E+01 a       953     0    48     1    13
 -9.6627119739843881E-01 a       954     0    48     1    14
  1.3273025726824018E+01 a       955     0    48     1    15
  4.1128995814572072E+01 a       956     0    48     1    16
  2.3218409862777790E+01 a       957     0    48     1    17
 -7.1579904174236466E+00 a       958     0    48     1    18
  6.1291143340998255E+00 a       959     0    48     1    19
 -4.5698073641024450E+00 a       960     0    48     1    20
 -4.9304846416005496E+01 a       961     0    49     1     1
 -1.2763490497704941E+01 a       962     0    49     1     2
  2.7912319609937562E+01 a       963     0    49     1     3
 -3.6487769074781795E+01 a       964     0    49     1     4
 -4.8198624486450239E+00 a       965     0    49     1     5
  3.7288625772352141E+01 a       966     0    49     1     6
 -4.6264454316294366E+00 a       967     0    49     1     7
  6.3079276328048905E+00 a       968     0    49     1     8
  2.8082844347748250E+00 a       969     0    49     1     9
 -5.6987358857708577E+00 a       970     0    49     1    10
  1.3416588348956656E+01 a       971     0    49     1    11
  1.1038071769070338E+01 a       972     0    49     1    12
  9.9305095111074984E+00 a       973     0    49     1    13
 -1.8043695441445280E+01 a       974     0    49     1    14
  1.6771309241094905E+01 a       975     0    49     1    15
 -4.5862836860898879E+00 a       976     0    49     1    16
 -1.4103491219301601E+01 a       977     0    49     1    17
 -4.1076224267181409E+01 a       978     0    49     1    18
  2.1944968746882566E+01 a       979     0    49     1    19
  3.5739670028820477E+01 a       980     0    49     1    20
 -1.6749014293602830E+01 a       981     0    50     1     1
 -7.4612158511955300E+01 a       982     0    50     1     2
 -3.1361483799500769E+02 a       983     0    50     1     3
 -7.5269389257234366E+01 a       984     0    50     1     4
  1.6003688636954396E+02 a       985     0    50     1     5
 -4.8736422000441024E+00 a       986     0    50     1     6
 -6.0931035891815945E+01 a       987     0    50     1     7
  1.1002425811870499E+02 a       988     0    50     1     8
 -2.1014713262059689E+02 a       989     0    50     1     9
  1.0628629664743374E+02 a       990     0    50     1    10
  1.3494842446032393E+01 a       991     0    50     1    11
 -1.3378949360599395E+02 a       992     0    50     1    12
 -1.8378237498045863E+02 a       993     0    50     1    13
 -1.5320912000294598E+02 a       994     0    50     1    14
  2.2364501984386891E+02 a       995     0    50     1    15
 -1.9798830775930199E+02 a       996     0    50     1    16
 -1.0848565068939320E+02 a       997     0    50     1    17
 -1.0251287096690542E+02 a       998     0    50     1    18
 -2.0813023021347658E+02 a       999     0    50     1    19
  1.1718883478341812E+02 a      1000     0    50     1    20
  9.4502611629112963E+01 a      1001     0    51     1     1
 -7.6643551358613692E+01 a      1002     0    51     1     2
 -1.2567642507844090E+01 a      1003     0    51     1     3
 -2.2061690408951026E+01 a      1004     0    51     1     4
  3.0157357204188768E+00 a      1005     0    51     1     5
  2.1940781487946541E+01 a      1006     0    51     1     6
 -1.0459651039074704E+02 a      1007     0    51     1     7
  3.0276441549788778E+01 a      1008     0    51     1     8
  3.6850950370139152E+01 a      1009     0    51     1     9
  8.2733199547623840E+01 a      1010     0    51     1    10
 -5.1737753335035599E+01 a      1011     0    51     1    11
 -1.2555995764233037E+02 a      1012     0    51     1    12
 -6.7384365541599095E+01 a      1013     0    51     1    13
  7.0854571100327291E+01 a      1014     0    51     1    14
 -8.4064833683092431E+01 a      1015     0    51     1    15
 -1.1778957216935241E+02 a      1016     0    51     1    16
 -5.9556533365914980E+01 a      1017     0    51     1    17
  1.8474662436456267E+01 a      1018     0    51     1    18
 -2.7750264612916617E+01 a      1019     0    51     1    19
  7.8521695972285812E+01 a      1020     0    51     1    20
  7.0381768942049845E+01 a      1021     0    52     1     1
 -5.0779267027503243E+00 a      1022     0    52     1     2
 -4.4625493740917875E+01 a      1023     0    52     1     3
  5.1597746495535461E+01 a      1024     0    52     1     4
  2.4057428582038202E+02 a      1025     0    52     1     5
 -9.2869684617514224E+01 a      1026     0    52     1     6
 -1.3543348877048418E+01 a      1027     0    52     1     7
  3.7436119198470813E+01 a      1028     0    52     1     8
 -3.4445555052536263E+00 a      1029     0    52     1     9
 -3.6005553037501002E+01 a      1030     0    52     1    10
  2.2900484968272806E+01 a      1031     0    52     1    11
  2.2279384839410032E+01 a      1032     0    52     1    12
 -7.3255384324435369E+01 a      1033     0    52     1    13
  3.9053740732241536E+01 a      1034     0    52     1    14
 -1.9347466146786121E+02 a      1035     0    52     1    15
  9.7584605881153976E+01 a      1036     0    52     1    16
 -1.6305145550434563E+01 a      1037     0    52     1    17
 -1.2362428895492789E+01 a      1038     0    52     1    18
 -1.7024941404411219E+01 a      1039     0    52     1    19
  2.3627638013367495E+01 a      1040     0    52     1    20
 -1.3347688268380011E+00 b      1041     1     1
 -8.0019218469836639E-01 b      1042     1     2
 -1.3591272021048526E+00 b      1043     1     3
 -2.1445838983118675E+00 b      1044     1     4
 -1.1456243897614269E+00 b      1045     1     5
  4.6514759323198346E-01 b      1046     1     6
 -7.7312884892708197E-02 b      1047     1     7
 -5.4565024496463921E-01 b      1048     1     8
 -2.3019543882545141E+00 b      1049     1     9
 -3.0430252217910612E+00 b      1050     1    10
 -3.2203929075065474E-01 b      1051     1    11
  9.5920745175942304E-02 b      1052     1    12
  9.1300330536640271E+00 b      1053     1    13
 -1.6906577147192847E+00 b      1054     1    14
  2.3044372788946847E+00 b      1055     1    15
  5.7328488129432043E-01 b      1056     1    16
  8.8957770344443710E-01 b      1057     1    17
 -3.7457637472741836E+00 b      1058     1    18
 -1.1931193678202799E-01 b      1059     1    19
 -2.8500238994811364E+00 b      1060     1    20
  1.2924607182889778E+00 a      1061     1     1     2     1
 -8.3382178189059172E-02 a      1062     1     1     2     2
 -3.6913830852798657E-01 a      1063     1     1     2     3
 -2.6515065842486929E+00 a      1064     1     1     2     4
 -4.0212584381984390E-01 a      1065     1     1     2     5
  1.1038553644025142E+00 a      1066     1     1     2     6
  1.9625774181034605E-01 a      1067     1     1     2     7
 -2.9447028763129079E-01 a      1068     1     1     2     8
 -3.1458068118281601E-01 a      1069     1     1     2     9
 -3.7234553790110825E-01 a      1070     1     1     2    10
  2.3213810169692140E-01 a      1071     1     1     2    11
  9.7257757261073141E-01 a      1072     1     1     2    12
 -3.1438732965946309E-01 a      1073     1     1     2    13
 -1.2476094932103465E+00 a      1074     1     1     2    14
  6.8226489218956476E-01 a      1075     1     1     2    15
 -1.0672447672908916E+00 a      1076     1     1     2    16
 -2.2852373446913070E+00 a      1077     1     1     2    17
 -1.6063978490699695E+00 a      1078     1     1     2    18
 -1.8821045272290210E-01 a      1079     1     1     2    19
  1.4714961391790765E-01 a      1080     1     1     2    20
 -1.3589442036088017E-01 a      1081     1     2     2     1
 -9.3001112065559943E-01 a      1082     1     2     2     2
 -1.7271997798264113E-01 a      1083     1     2     2     3
  1.3711161676694021E+00 a      1084     1     2     2     4
 -1.4224578741957783E+00 a      1085     1     2     2     5
  3.2231163775257468E+00 a      1086     1     2     2     6
  8.0091254962264513E-01 a      1087     1     2     2     7
  4.4540403573913867E-01 a      1088     1     2     2     8
 -8.2593083846209170E-01 a      1089     1     2     2     9
  9.0861792211965642E-01 a      1090     1     2     2    10
  2.9287473732168530E+00 a      1091     1     2     2    11
  3.9484977222371404E-02 a      1092     1     2     2    12
 -3.6126196353510515E-01 a      1093     1     2     2    13
 -2.4056339158475999E+00 a      1094     1     2     2    14
 -1.3711094730920709E-01 a      1095     1     2     2    15
  1.4160419207069002E+00 a      1096     1     2     2    16
  1.4741530087994270E+00 a      1097     1     2     2    17
  8.5453051147662573E-01 a      1098     1     2     2    18
 -4.4746529204316010E+00 a      1099     1     2     2    19
  7.1239045754562791E-01 a      1100     1     2     2    20
  5.6358312938981781E-01 a      1101     1     3     2     1
 -4.2382758459770216E+00 a      1102     1     3     2     2
  2.4760906131765896E+00 a      1103     1     3     2     3
 -3.3803190668147400E+00 a      1104     1     3     2     4
  1.8676043566919955E+00 a      1105     1     3     2     5
  5.8223449664333087E+00 a      1106     1     3     2     6
  2.8774736833110554E-01 a      1107     1     3     2     7
  1.1046787492010410E+00 a      1108     1     3     2     8
  9.4033186755183429E-01 a      1109     1     3     2     9
  2.6077314193569228E+00 a      1110     1     3     2    10
  1.1109787315768949E-01 a      1111     1     3     2    11
  2.5391141962751687E+00 a      1112     1     3     2    12
  1.4599688008348359E+00 a      1113     1     3     2    13
  4.2086275344195787E+00 a      1114     1     3     2    14
  1.4593218991132384E+00 a      1115     1     3     2    15
 -4.8058902731909390E+00 a      1116     1     3     2    16
 -7.5581047275965285E-01 a      1117     1     3     2    17
  4.0349013525863686E+00 a      1118     1     3     2    18
 -1.3003820605944290E+00 a      1119     1     3     2    19
  2.2273074194523943E+00 a      1120     1     3     2    20
 -5.5235046622353301E-01 a      1121     1     4     2     1
  4.3349267175827449E-01 a      1122     1     4     2     2
  4.5979827391536215E-01 a      1123     1     4     2     3
 -2.8214623135310788E-02 a      1124     1     4     2     4
 -1.2327971659755422E+01 a      1125     1     4     2     5
 -1.2483421945041562E+00 a      1126     1     4     2     6
 -1.3080719177055748E+00 a      1127     1     4     2     7
  6.9710813489357148E-01 a      1128     1     4     2     8
  6.0452226367279127E-01 a      1129     1     4     2     9
 -2.1244432747297770E+00 a      1130     1     4     2    10
 -3.4753375411402754E+00 a      1131     1     4     2    11
 -1.0247055500506920E-01 a      1132     1     4     2    12
 -1.3233833636112331E+00 a      1133     1     4     2    13
 -1.1999242539514126E+00 a      1134     1     4     2    14
 -1.7101071631107895E-01 a      1135     1     4     2    15
  1.1515276101499183E+00 a      1136     1     4     2    16
  8.5283128834172972E-01 a      1137     1     4     2    17
  4.6986264419101825E-01 a      1138     1     4     2    18
  7.9885964352859462E-01 a      1139     1     4     2    19
 -1.8989244041498590E+00 a      1140     1     4     2    20
 -9.6228555792057724E-01 a      1141     1     5     2     1
 -8.9785048111716514E-01 a      1142     1     5     2     2
  1.1488108329605697E+00 a      1143     1     5     2     3
  3.2525615567327015E-01 a      1144     1     5     2     4
 -6.2603420678997590E-01 a      1145     1     5     2     5
 -1.1239008443546914E+00 a      1146     1     5     2     6
 -2.2416634209107804E+00 a      1147     1     5     2     7
 -8.9793660587907997E-01 a      1148     1     5     2     8
 -1.2540157614792653E+00 a      1149     1     5     2     9
 -6.8768614735698297E-01 a      1150     1     5     2    10
 -1.6559273846047045E+00 a      1151     1     5     2    11
 -4.6650729630664118E+00 a      1152     1     5     2    12
  2.6821852773865129E-01 a      1153     1     5     2    13
 -2.0099638091215630E+00 a      1154     1     5     2    14
 -9.0945312829434755E-01 a      1155     1     5     2    15
 -3.4152619182678046E+00 a      1156     1     5     2    16
 -4.9466072221890384E-01 a      1157     1     5     2    17
 -8.6879557839717947E-01 a      1158     1     5     2    18
 -2.3206547280822991E+00 a      1159     1     5     2    19
 -6.7083196337513543E-02 a      1160     1     5     2    20
 -2.3949069849592614E-01 a      1161     1     6     2     1
  1.4892257497747838E+00 a      1162     1     6     2     2
 -2.1909153995559847E+00 a      1163     1     6     2     3
  3.5752152325505571E+00 a      1164     1     6     2     4
 -6.7213419761212090E-01 a      1165     1     6     2     5
 -1.2743523560584953E+00 a      1166     1     6     2     6
  1.6427339851923044E+00 a      1167     1     6     2     7
  1.6349373862567046E-01 a      1168     1     6     2     8
 -1.2961400162742978E+00 a      1169     1     6     2     9
  1.6664492948093490E+00 a      1170     1     6     2    10
  1.4505657486945194E+00 a      1171     1     6     2    11
  2.3676358422765226E-01 a      1172     1     6     2    12
  3.3855655023936948E-01 a      1173     1     6     2    13
  1.2646974989721219E-01 a      1174     1     6     2    14
 -3.3079196728218707E-01 a      1175     1     6     2    15
  1.1534863562650426E-01 a      1176     1     6     2    16
  2.2861988677903535E+00 a      1177     1     6     2    17
  2.0735285175999594E+00 a      1178     1     6     2    18
  2.9221311678833839E-01 a      1179     1     6     2    19
  1.1616890156990420E+00 a      1180     1     6     2    20
 -1.0740887504174974E+00 a      1181     1     7     2     1
  3.2371162378749790E-01 a      1182     1     7     2     2
  5.9073079097797987E-01 a      1183     1     7     2     3
  1.1805817309031121E-01 a      1184     1     7     2     4
  7.4274459562381245E-01 a      1185     1     7     2     5
 -2.5971163588323171E-01 a      1186     1     7     2     6
 -9.5522817644913671E-01 a      1187     1     7     2     7
 -4.6649869356534845E-01 a      1188     1     7     2     8
 -8.1787228843771875E-01 a      1189     1     7     2     9
 -6.0231875490533582E-01 a      1190     1     7     2    10
 -7.9294413984877843E-01 a      1191     1     7     2    11
 -2.3272648214174385E+00 a      1192     1     7     2    12
 -4.6743267652967441E-01 a      1193     1     7     2    13
  7.6068632662940339E-01 a      1194     1     7     2    14
 -3.0730218805352461E-01 a      1195     1     7     2    15
  1.7815126888099624E+00 a      1196     1     7     2    16
  1.5584387245180127E+00 a      1197     1     7     2    17
  1.2685037032265931E+00 a      1198     1     7     2    18
 -1.2220935041840129E+00 a      1199     1     7     2    19
 -6.1600308622542710E-01 a      1200     1     7     2    20
  9.2313920133403993E-01 a      1201     1     8     2     1
 -3.6668830882119821E-02 a      1202     1     8     2     2
 -2.1566291106788511E+00 a      1203     1     8     2     3
  3.3173528548771675E-01 a      1204     1     8     2     4
 -4.2454624690993970E-01 a      1205     1     8     2     5
  7.7467604543402879E-01 a      1206     1     8     2     6
 -1.4503875069839722E-01 a      1207     1     8     2     7
 -2.6589852960703902E-01 a      1208     1     8     2     8
  5.1172202922951704E-01 a      1209     1     8     2     9
 -6.8213061374250517E-01 a      1210     1     8     2    10
 -2.5659842669986705E+00 a      1211     1     8     2    11
  5.1441974969176285E-01 a      1212     1     8     2    12
 -7.5141545553010442E-03 a      1213     1     8     2    13
 -9.2475683991910296E-01 a      1214     1     8     2    14
  2.4105109415375588E-02 a      1215     1     8     2    15
 -1.0250795082550457E+00 a      1216     1     8     2    16
  2.2440384602059824E-01 a      1217     1     8     2    17
 -1.9589613712566740E+00 a      1218     1     8     2    18
 -6.7056998097108238E+00 a      1219     1     8     2    19
 -3.9053791163733526E-01 a      1220     1     8     2    20
  6.1873630528303880E-01 a      1221     1     9     2     1
 -1.4387535317812770E+00 a      1222     1     9     2     2
 -1.5316024417316104E-01 a      1223     1     9     2     3
 -6.7586295342713343E-01 a      1224     1     9     2     4
  1.0474964868153711E+00 a      1225     1     9     2     5
 -1.4814206291689447E+00 a      1226     1     9     2     6
 -1.2962510921325658E+00 a      1227     1     9     2     7
  1.0140147543833491E+00 a      1228     1     9     2     8
 -1.7702799042146741E-01 a      1229     1     9     2     9
 -6.8404578188524201E-01 a      1230     1     9     2    10
 -5.3055913019034140E+00 a      1231     1     9     2    11
 -1.6886061542929713E+00 a      1232     1     9     2    12
  5.3229185572629967E-01 a      1233     1     9     2    13
  1.5784464048863360E+00 a      1234     1     9     2    14
  4.8622728791217956E-01 a      1235     1     9     2    15
 -1.8514285374038603E-01 a      1236     1     9     2    16
  6.6863798701341881E-01 a      1237     1     9     2    17
  2.2108721369725108E+00 a      1238     1     9     2    18
 -1.8247688942794351E+00 a      1239     1     9     2    19
  9.8275114862142121E-01 a      1240     1     9     2    20
 -1.6108136034266980E-02 a      1241     1    10     2     1
  1.2011715732647625E+00 a      1242     1    10     2     2
 -1.0113768150204758E-01 a      1243     1    10     2     3
  1.5563184428650290E+00 a      1244     1    10     2     4
 -3.4018370642625373E-01 a      1245     1    10     2     5
 -2.6446582273705213E+00 a      1246     1    10     2     6
 -1.8733599692753462E+00 a      1247     1    10     2     7
  9.8894531797975238E-01 a      1248     1    10     2     8
  1.0489628581564980E+00 a      1249     1    10     2     9
 -2.2747454074356335E-01 a      1250     1    10     2    10
 -6.6066523636374733E-02 a      1251     1    10     2    11
  2.5856615983905300E+00 a      1252     1    10     2    12
 -1.2007593485750961E-01 a      1253     1    10     2    13
 -8.8826867664856113E-01 a      1254     1    10     2    14
 -9.6428837031366255E-01 a      1255     1    10     2    15
  4.8925028887285055E-01 a      1256     1    10     2    16
 -1.8848918962686290E+00 a      1257     1    10     2    17
  7.8520700203110860E-01 a      1258     1    10     2    18
 -1.3268431424784444E-01 a      1259     1    10     2    19
  9.2577990150931788E-01 a      1260     1    10     2    20
 -1.9934733394905815E+00 a      1261     1    11     2     1
 -1.2270953865597278E-01 a      1262     1    11     2     2
 -2.1573608148940839E+00 a      1263     1    11     2     3
  6.1757536931051397E-02 a      1264     1    11     2     4
  1.1331886498247328E+00 a      1265     1    11     2     5
 -1.3591855852719592E-01 a      1266     1    11     2     6
  3.6746421365074700E-01 a      1267     1    11     2     7
  2.1697110812814316E-01 a      1268     1    11     2     8
  5.8201359983653417E-02 a      1269     1    11     2     9
  6.9500648709388735E-01 a      1270     1    11     2    10
 -6.4671535206965940E+00 a      1271     1    11     2    11
 -2.5146870154701095E+00 a      1272     1    11     2    12
 -1.5528629426695026E-01 a      1273     1    11     2    13
 -2.0570969532935113E+00 a      1274     1    11     2    14
 -5.8847764504074007E-01 a      1275     1    11     2    15
 -8.2518410841598638E-02 a      1276     1    11     2    16
 -3.6647411084274129E-01 a      1277     1    11     2    17
 -1.0360933326534569E+00 a      1278     1    11     2    18
  5.1042329953278998E-01 a      1279     1    11     2    19
 -1.4043903980202406E+00 a      1280     1    11     2    20
  2.2258677446705538E-01 a      1281     1    12     2     1
 -2.1057807325911542E+00 a      1282     1    12     2     2
  3.8486208273636585E-01 a      1283     1    12     2     3
 -1.0760578595422026E+00 a      1284     1    12     2     4
  2.5706800398287749E-01 a      1285     1    12     2     5
  6.9979770946886655E-01 a      1286     1    12     2     6
  1.5320522488904811E+00 a      1287     1    12     2     7
 -9.8775875079405207E-01 a      1288     1    12     2     8
 -7.1297857432362377E-01 a      1289     1    12     2     9
 -2.2439346769165565E+00 a      1290     1    12     2    10
  3.0484268230436253E+00 a      1291     1    12     2    11
  2.9313780696382268E+00 a      1292     1    12     2    12
 -1.3266323155539512E+00 a      1293     1    12     2    13
 -4.1647399196392043E-02 a      1294     1    12     2    14
  2.7998051679472213E-01 a      1295     1    12     2    15
  9.8226254841584160E-01 a      1296     1    12     2    16
 -1.1244902409442188E+00 a      1297     1    12     2    17
  1.6672515051201717E+00 a      1298     1    12     2    18
  4.2385275637860120E+00 a      1299     1    12     2    19
  3.4196531023818671E-01 a      1300     1    12     2    20
  2.1825675532079987E-02 a      1301     1    13     2     1
 -5.1596338152734407E-02 a      1302     1    13     2     2
 -3.2702507995164568E-02 a      1303     1    13     2     3
 -3.4494235564302284E-01 a      1304     1    13     2     4
 -3.0277474520215986E-01 a      1305     1    13     2     5
 -7.5264952440231431E-02 a      1306     1    13     2     6
 -2.6398719088160960E-01 a      1307     1    13     2     7
 -4.5073536012012588E-01 a      1308     1    13     2     8
 -1.7686440166710721E-01 a      1309     1    13     2     9
 -3.3673333918488069E-01 a      1310     1    13     2    10
 -7.2781508075960039E-02 a      1311     1    13     2    11
 -4.6378478539641915E-01 a      1312     1    13     2    12
 -9.5297775933220197E-02 a      1313     1    13     2    13
 -3.8288923681871240E-01 a      1314     1    13     2    14
 -2.0385831516278261E-01 a      1315     1    13     2    15
 -4.3049730246177947E-01 a      1316     1    13     2    16
 -1.4344755820791122E-01 a      1317     1    13     2    17
  2.3761049044221632E+00 a      1318     1    13     2    18
 -1.9392835751935550E-01 a      1319     1    13     2    19
 -2.8937268392726284E-01 a      1320     1    13     2    20
 -2.7403978406960766E-01 a      1321     1    14     2     1
 -1.2562668081738988E+00 a      1322     1    14     2     2
  1.2139540253449370E+00 a      1323     1    14     2     3
 -5.9574050330842887E+00 a      1324     1    14     2     4
 -2.9775286757678767E+00 a      1325     1    14     2     5
 -1.8154602102778006E+00 a      1326     1    14     2     6
 -1.5999543107544008E+01 a      1327     1    14     2     7
  3.2862944747037548E-02 a      1328     1    14     2     8
 -2.0646211820607365E+00 a      1329     1    14     2     9
 -4.3735194527847444E-02 a      1330     1    14     2    10
 -6.0546823045007754E+00 a      1331     1    14     2    11
 -2.1505839626135668E+01 a      1332     1    14     2    12
 -7.7453997105819838E-01 a      1333     1    14     2    13
 -4.9219206499466575E+00 a      1334     1    14     2    14
  9.3014787054229253E-01 a      1335     1    14     2    15
  3.0595835957654927E-01 a      1336     1    14     2    16
  2.2674246667152893E+00 a      1337     1    14     2    17
 -4.3713012045195454E-01 a      1338     1    14     2    18
  6.4562809359967466E-01 a      1339     1    14     2    19
 -2.2498817703554028E+00 a      1340     1    14     2    20
  2.2424911805393659E+00 a      1341     1    15     2     1
 -1.3656333652330581E+00 a      1342     1    15     2     2
  3.3209373462334130E-01 a      1343     1    15     2     3
 -1.0952078877406708E-01 a      1344     1    15     2     4
  1.6741389448122104E+00 a      1345     1    15     2     5
  2.0217972259444572E+00 a      1346     1    15     2     6
 -3.4022264553601406E-01 a      1347     1    15     2     7
  6.7956706114253562E-01 a      1348     1    15     2     8
  1.3068399203667325E-01 a      1349     1    15     2     9
  6.9006639082210153E-01 a      1350     1    15     2    10
  2.0416480215092014E+00 a      1351     1    15     2    11
 -1.3938733155668941E+00 a      1352     1    15     2    12
 -3.8936519970382819E+00 a      1353     1    15     2    13
 -3.0071332511323270E+00 a      1354     1    15     2    14
  1.5175960908680248E+00 a      1355     1    15     2    15
 -2.5501514590818632E+00 a      1356     1    15     2    16
 -1.5383225348481011E+00 a      1357     1    15     2    17
  1.6061035598780782E+00 a      1358     1    15     2    18
  4.8055200937111880E-01 a      1359     1    15     2    19
  5.4855807273019275E-01 a      1360     1    15     2    20
  9.9113769835340837E-01 a      1361     1    16     2     1
 -3.2711398376878587E-01 a      1362     1    16     2     2
  8.0617939942179540E-01 a      1363     1    16     2     3
 -4.7938167144693428E-01 a      1364     1    16     2     4
  1.4091932447142562E-04 a      1365     1    16     2     5
 -1.3927577549644153E-02 a      1366     1    16     2     6
  5.8096187575097036E-01 a      1367     1    16     2     7
 -1.1571355313134872E+00 a      1368     1    16     2     8
  3.2930621501877139E-01 a      1369     1    16     2     9
 -1.4364216746552267E+00 a      1370     1    16     2    10
  2.6853518821303507E-01 a      1371     1    16     2    11
 -1.0058149769467033E+00 a      1372     1    16     2    12
  1.1339273805450141E-01 a      1373     1    16     2    13
  8.5474085005674105E-02 a      1374     1    16     2    14
 -6.6738250053514547E-01 a      1375     1    16     2    15
  4.9835646429917929E-01 a      1376     1    16     2    16
 -4.1632981323297686E+00 a      1377     1    16     2    17
  1.1908434352820574E+00 a      1378     1    16     2    18
  1.3103000499121292E-01 a      1379     1    16     2    19
 -1.1614718317352202E+00 a      1380     1    16     2    20
 -2.5265481533774603E-01 a      1381     1    17     2     1
 -3.8211987510020085E-02 a      1382     1    17     2     2
  3.8178885603944106E-02 a      1383     1    17     2     3
 -6.9055371378444197E-02 a      1384     1    17     2     4
  1.0712321336247471E-01 a      1385     1    17     2     5
 -3.8936194056110933E+00 a      1386     1    17     2     6
 -2.0542506156741660E+00 a      1387     1    17     2     7
 -1.1402651268004151E-01 a      1388     1    17     2     8
 -5.3171760682683089E-01 a      1389     1    17     2     9
  6.5272758889754356E-01 a      1390     1    17     2    10
 -8.5533323845060449E-01 a      1391     1    17     2    11
 -1.4832612534690397E+00 a      1392     1    17     2    12
 -1.2821532674310991E+00 a      1393     1    17     2    13
  8.0271748264457177E-01 a      1394     1    17     2    14
  2.2706657408851552E-01 a      1395     1    17     2    15
 -2.5186967135511420E+00 a      1396     1    17     2    16
 -1.1176746077080872E+00 a      1397     1    17     2    17
 -6.6768695358840668E-01 a      1398     1    17     2    18
 -1.5541864145795941E+00 a      1399     1    17     2    19
  1.0934459960516706E-01 a      1400     1    17     2    20
  4.6957405023839932E-01 a      1401     1    18     2     1
  3.9290631971774609E-01 a      1402     1    18     2     2
 -9.3134960181034776E-01 a      1403     1    18     2     3
  1.4274787803762809E-01 a      1404     1    18     2     4
  1.7098146785364535E-01 a      1405     1    18     2     5
 -1.5151816454238474E+00 a      1406     1    18     2     6
  2.4790971004214329E-01 a      1407     1    18     2     7
 -6.7201853765279673E-01 a      1408     1    18     2     8
  6.0502451431303061E-01 a      1409     1    18     2     9
 -5.4548170656855888E+00 a      1410     1    18     2    10
  3.1569487308817288E+00 a      1411     1    18     2    11
  5.2836292988792355E-01 a      1412     1    18     2    12
 -4.0064302602665613E-01 a      1413     1    18     2    13
  1.5422405217114181E+00 a      1414     1    18     2    14
  6.5037780155954017E-01 a      1415     1    18     2    15
 -3.5535893368501883E+00 a      1416     1    18     2    16
  1.0156639801294021E+00 a      1417     1    18     2    17
 -1.8828710595488374E+00 a      1418     1    18     2    18
  9.3691685026452243E-01 a      1419     1    18     2    19
  1.1514766660743518E+00 a      1420     1    18     2    20
  5.2678441889134686E-01 a      1421     1    19     2     1
 -1.7786088794401886E+00 a      1422     1    19     2     2
  6.1619748368756699E-01 a      1423     1    19     2     3
  3.2037124451725452E-01 a      1424     1    19     2     4
  2.3251707906101426E-01 a      1425     1    19     2     5
  1.5717857791965595E-01 a      1426     1    19     2     6
  2.2887581667010057E-01 a      1427     1    19     2     7
 -9.3138232925047293E-01 a      1428     1    19     2     8
 -9.3070591214777676E-01 a      1429     1    19     2     9
  7.9168119201251641E-01 a      1430     1    19     2    10
  2.1223152287861886E+00 a      1431     1    19     2    11
 -1.4764738986088066E-01 a      1432     1    19     2    12
  8.3297743290601267E-01 a      1433     1    19     2    13
 -1.3748745661463577E+00 a      1434     1    19     2    14
  6.2212050644599837E-01 a      1435     1    19     2    15
 -2.4072567673561145E+00 a      1436     1    19     2    16
 -8.9092453831331408E-01 a      1437     1    19     2    17
  1.2921036783473918E+00 a      1438     1    19     2    18
  2.6259768602314837E-01 a      1439     1    19     2    19
  5.6849992397609284E-01 a      1440     1    19     2    20
  3.2720085006723004E-01 a      1441     1    20     2     1
 -1.6570775698133429E+00 a      1442     1    20     2     2
 -1.5118707724230660E+00 a      1443     1    20     2     3
  6.1058700742895400E-01 a      1444     1    20     2     4
  1.0804896291662007E+00 a      1445     1    20     2     5
  4.6573943763617021E-01 a      1446     1    20     2     6
 -1.1846250545892825E+00 a      1447     1    20     2     7
  2.1703596733592681E-01 a      1448     1    20     2     8
  7.0350607677580790E-01 a      1449     1    20     2     9
  5.2587954171375861E-01 a      1450     1    20     2    10
 -1.6926646773505836E+00 a      1451     1    20     2    11
 -1.0312798650597379E+01 a      1452     1    20     2    12
  1.2160237860853971E+00 a      1453     1    20     2    13
 -1.1576305205287936E+00 a      1454     1    20     2    14
 -4.7780846830383100E-01 a      1455     1    20     2    15
  1.5237362406160877E+00 a      1456     1    20     2    16
  2.0730402488298592E+00 a      1457     1    20     2    17
 -1.1531133923347077E+00 a      1458     1    20     2    18
 -9.0337496936160182E+00 a      1459     1    20     2    19
  7.0043245906862928E-01 a      1460     1    20     2    20
 -9.9678249946964144E+00 b      1461     2     1
  5.6648618014612460E+00 b      1462     2     2
  1.1131388653339314E+00 b      1463     2     3
 -1.4062001706322100E+00 b      1464     2     4
 -9.5350702283200643E+00 b      1465     2     5
 -1.1079058427388913E+01 b      1466     2     6
 -8.9322872849487117E-02 b      1467     2     7
  3.5907448644853743E+00 b      1468     2     8
  1.5728696250303695E+00 b      1469     2     9
 -3.7779169279088967E+00 b      1470     2    10
 -1.0843991836935308E+01 b      1471     2    11
  6.9666920272267747E+00 b      1472     2    12
 -2.4152430910829774E+00 b      1473     2    13
  8.6661903710486818E+00 b      1474     2    14
 -4.6488372959949658E+00 b      1475     2    15
  4.6268225992797429E+00 b      1476     2    16
 -3.0696900939917948E+00 b      1477     2    17
  9.0961495588648429E+00 b      1478     2    18
  9.1826324222580702E-01 b      1479     2    19
 -2.1129892732077962E+00 b      1480     2    20
  2.5560313319030314E-01 a      1481     2     1     3     1
  1.9831653164124577E-01 a      1482     2     2     3     1
 -1.2317829847291173E-01 a      1483     2     3     3     1
 -3.0635297163009362E-01 a      1484     2     4     3     1
 -2.6788500072065619E-01 a      1485     2     5     3     1
  2.1633083947216816E-01 a      1486     2     6     3     1
  5.8574013010879211E-01 a      1487     2     7     3     1
  2.1341274915850611E-01 a      1488     2     8     3     1
 -4.7418335845363246E-01 a      1489     2     9     3     1
 -3.2006714601785791E-01 a      1490     2    10     3     1
 -2.2927760576115119E-01 a      1491     2    11     3     1
 -1.7493691522830115E-01 a      1492     2    12     3     1
 -2.4348188511641086E-01 a      1493     2    13     3     1
 -1.2609144496387223E-01 a      1494     2    14     3     1
 -3.0343082785748060E-01 a      1495     2    15     3     1
 -2.2406462956105272E-01 a      1496     2    16     3     1
  2.0081204046280848E-01 a      1497     2    17     3     1
  2.9270857343324891E-01 a      1498     2    18     3     1
  3.7422531426201527E-01 a      1499     2    19     3     1
  1.2968556450301796E-01 a      1500     2    20     3     1
 -5.2027069935573644E+00 b      1501     3     1
